#!ascii label  , from subject mni152 vox2ras=TkReg
2162
34043  32.605  -35.453  31.623 0.0000000000
34057  34.100  -35.182  30.833 0.0000000000
34058  33.186  -35.135  31.007 0.0000000000
34076  34.781  -35.095  30.103 0.0000000000
34259  58.977  -35.221  16.062 0.0000000000
35209  33.580  -34.903  30.510 0.0000000000
35210  33.023  -34.776  30.360 0.0000000000
35223  34.894  -34.843  29.348 0.0000000000
35224  33.987  -34.605  29.790 0.0000000000
35225  32.893  -34.322  29.585 0.0000000000
35239  35.181  -35.002  28.579 0.0000000000
35240  34.613  -34.444  28.651 0.0000000000
35241  33.695  -33.947  28.663 0.0000000000
35242  32.571  -33.891  28.806 0.0000000000
35255  35.221  -35.168  28.039 0.0000000000
35257  34.493  -33.974  27.953 0.0000000000
35380  58.361  -35.193  16.307 0.0000000000
35381  57.636  -35.002  16.131 0.0000000000
35382  56.440  -34.790  16.100 0.0000000000
35383  55.060  -34.285  15.921 0.0000000000
35384  53.874  -33.921  16.380 0.0000000000
35385  53.277  -33.708  16.566 0.0000000000
35395  59.365  -35.125  15.495 0.0000000000
35396  58.595  -34.890  15.492 0.0000000000
35397  57.433  -34.622  15.195 0.0000000000
35398  56.028  -34.223  14.971 0.0000000000
35399  55.206  -34.054  15.236 0.0000000000
35410  59.475  -34.955  14.646 0.0000000000
35411  58.474  -34.670  14.383 0.0000000000
35412  57.174  -34.279  14.002 0.0000000000
35413  56.241  -34.088  14.243 0.0000000000
35418  59.398  -34.854  13.561 0.0000000000
35419  58.460  -34.558  13.260 0.0000000000
35420  57.614  -34.284  12.918 0.0000000000
35425  59.419  -34.777  12.470 0.0000000000
35426  58.414  -34.439  12.047 0.0000000000
35427  57.633  -34.246  12.322 0.0000000000
35434  58.864  -34.399  10.915 0.0000000000
35440  58.990  -34.174  10.031 0.0000000000
35450  58.953  -34.001  9.491 0.0000000000
36262  33.076  -33.617  28.076 0.0000000000
36398  54.846  -33.944  15.347 0.0000000000
36399  54.244  -33.681  15.533 0.0000000000
36400  53.067  -33.165  16.016 0.0000000000
36401  51.812  -32.973  16.408 0.0000000000
36402  51.242  -32.820  16.572 0.0000000000
36409  55.671  -33.916  14.310 0.0000000000
36410  54.899  -33.720  14.766 0.0000000000
36411  53.705  -33.093  14.821 0.0000000000
36412  53.108  -32.868  15.197 0.0000000000
36421  56.826  -34.063  13.194 0.0000000000
36422  56.061  -33.885  13.653 0.0000000000
36423  55.153  -33.559  13.913 0.0000000000
36424  54.405  -33.201  14.058 0.0000000000
36427  57.030  -34.064  12.497 0.0000000000
36429  55.183  -33.369  13.041 0.0000000000
36430  54.733  -33.265  13.573 0.0000000000
36433  58.113  -34.219  11.185 0.0000000000
36434  57.421  -34.083  11.701 0.0000000000
36439  58.284  -34.065  10.425 0.0000000000
36440  57.530  -33.907  10.754 0.0000000000
36441  56.730  -33.714  11.031 0.0000000000
36445  58.443  -33.872  9.672 0.0000000000
36446  57.690  -33.729  9.913 0.0000000000
36447  56.921  -33.592  10.169 0.0000000000
36453  57.918  -33.524  9.140 0.0000000000
36454  57.056  -33.359  9.282 0.0000000000
37259  40.342  -32.413  27.420 0.0000000000
37260  40.004  -32.217  26.835 0.0000000000
37268  39.665  -32.452  26.278 0.0000000000
37278  39.057  -32.453  25.429 0.0000000000
37279  38.493  -32.255  24.822 0.0000000000
37280  32.724  -32.386  24.792 0.0000000000
37368  52.697  -32.680  15.287 0.0000000000
37369  52.075  -32.568  15.638 0.0000000000
37370  51.104  -32.423  16.096 0.0000000000
37382  53.326  -32.749  14.360 0.0000000000
37383  52.910  -32.605  14.665 0.0000000000
37384  52.226  -32.289  14.905 0.0000000000
37385  51.397  -31.996  15.083 0.0000000000
37386  50.798  -31.965  15.532 0.0000000000
37396  53.675  -32.807  13.964 0.0000000000
37397  53.017  -32.485  13.958 0.0000000000
37398  52.242  -32.078  14.093 0.0000000000
37399  51.842  -32.003  14.572 0.0000000000
37403  54.207  -32.963  13.193 0.0000000000
37404  53.321  -32.527  13.257 0.0000000000
37405  52.599  -32.165  13.303 0.0000000000
37491  61.800  -32.487  4.112 0.0000000000
38257  40.463  -31.910  27.738 0.0000000000
38264  40.469  -31.446  27.588 0.0000000000
38265  40.129  -31.738  27.146 0.0000000000
38266  39.717  -31.820  26.502 0.0000000000
38273  39.248  -31.894  25.925 0.0000000000
38274  39.023  -31.695  25.573 0.0000000000
38281  38.975  -31.972  25.551 0.0000000000
38282  38.678  -31.819  25.189 0.0000000000
38288  38.094  -31.816  24.574 0.0000000000
38381  50.989  -31.655  14.617 0.0000000000
38390  51.757  -31.789  13.733 0.0000000000
38391  51.402  -31.701  14.153 0.0000000000
38392  50.623  -31.300  14.189 0.0000000000
38396  51.948  -31.839  13.285 0.0000000000
38397  51.353  -31.604  13.325 0.0000000000
38398  50.802  -31.352  13.483 0.0000000000
38467  60.113  -32.387  4.484 0.0000000000
38468  59.018  -32.212  4.758 0.0000000000
38469  57.856  -31.672  4.612 0.0000000000
38470  57.031  -31.457  4.843 0.0000000000
38478  62.131  -31.835  3.423 0.0000000000
38479  61.005  -32.078  3.873 0.0000000000
38480  59.823  -31.723  3.777 0.0000000000
38481  58.708  -31.374  3.800 0.0000000000
38482  57.860  -31.032  3.876 0.0000000000
38490  62.083  -31.200  2.898 0.0000000000
39310  41.472  -30.658  27.700 0.0000000000
39311  40.760  -30.930  27.601 0.0000000000
39312  40.203  -31.091  27.086 0.0000000000
39313  39.864  -31.323  26.659 0.0000000000
39326  40.950  -30.383  27.121 0.0000000000
39327  40.357  -30.569  26.902 0.0000000000
39328  39.818  -30.724  26.395 0.0000000000
39329  39.432  -31.313  26.102 0.0000000000
39330  39.174  -31.528  25.772 0.0000000000
39338  39.526  -30.465  25.965 0.0000000000
39339  39.312  -30.774  25.856 0.0000000000
39340  38.942  -31.205  25.457 0.0000000000
39348  38.332  -31.279  24.778 0.0000000000
39349  37.719  -31.292  24.242 0.0000000000
39491  56.521  -31.482  5.246 0.0000000000
39500  57.259  -31.137  4.289 0.0000000000
39507  61.560  -31.336  3.098 0.0000000000
39508  60.681  -31.119  3.074 0.0000000000
39509  59.508  -30.838  3.095 0.0000000000
39510  58.370  -30.435  3.144 0.0000000000
39511  57.195  -30.521  3.693 0.0000000000
39518  61.825  -30.432  2.358 0.0000000000
39519  60.335  -30.257  2.501 0.0000000000
39520  59.182  -30.054  2.607 0.0000000000
39521  58.584  -29.938  2.665 0.0000000000
39527  62.002  -29.797  1.703 0.0000000000
40318  41.226  -30.083  26.509 0.0000000000
40319  40.468  -30.173  26.511 0.0000000000
40320  40.097  -30.361  26.463 0.0000000000
40338  40.576  -29.855  25.847 0.0000000000
40339  39.775  -30.093  25.949 0.0000000000
40340  39.211  -30.382  25.541 0.0000000000
40341  39.010  -30.708  25.444 0.0000000000
40356  40.756  -29.533  25.026 0.0000000000
40357  39.844  -29.576  25.171 0.0000000000
40358  39.047  -29.830  25.089 0.0000000000
40359  38.528  -30.542  24.822 0.0000000000
40360  37.963  -30.911  24.429 0.0000000000
40372  40.944  -29.286  24.129 0.0000000000
40373  39.971  -29.212  24.372 0.0000000000
40374  39.103  -29.303  24.446 0.0000000000
40496  58.287  -29.913  2.727 0.0000000000
40497  57.718  -29.910  2.936 0.0000000000
40498  56.695  -29.856  3.305 0.0000000000
40503  61.649  -29.770  1.758 0.0000000000
40504  60.957  -29.744  1.850 0.0000000000
40505  59.788  -29.576  2.081 0.0000000000
40506  58.514  -29.453  2.302 0.0000000000
40507  57.303  -29.405  2.622 0.0000000000
40515  59.289  -29.110  1.714 0.0000000000
40516  58.708  -29.043  1.842 0.0000000000
41503  58.418  -29.019  1.909 0.0000000000
41504  57.840  -29.019  2.021 0.0000000000
41505  56.776  -29.093  2.228 0.0000000000
42252  55.797  -27.823  24.116 0.0000000000
42253  54.841  -27.827  23.980 0.0000000000
42254  54.141  -27.802  23.783 0.0000000000
42264  58.769  -26.819  23.647 0.0000000000
42265  57.483  -26.970  23.873 0.0000000000
42266  56.403  -27.181  23.781 0.0000000000
42267  55.405  -27.297  23.626 0.0000000000
42268  54.580  -27.445  23.541 0.0000000000
42269  53.854  -27.527  23.401 0.0000000000
42284  58.934  -26.528  22.670 0.0000000000
42285  54.930  -27.057  23.309 0.0000000000
42286  54.309  -27.098  23.118 0.0000000000
42287  53.501  -27.210  22.931 0.0000000000
42350  62.964  -27.240  18.964 0.0000000000
42351  62.301  -27.244  19.708 0.0000000000
42352  61.335  -27.131  19.844 0.0000000000
42353  60.708  -26.946  19.923 0.0000000000
42354  60.314  -26.863  19.856 0.0000000000
42355  50.512  -27.114  20.170 0.0000000000
42371  63.117  -27.349  18.010 0.0000000000
42372  62.447  -27.502  18.518 0.0000000000
42373  61.663  -27.434  18.929 0.0000000000
42374  60.857  -27.077  19.181 0.0000000000
42375  60.530  -26.930  19.556 0.0000000000
42391  63.312  -27.441  17.017 0.0000000000
42392  62.622  -27.570  17.480 0.0000000000
42393  61.896  -27.596  17.907 0.0000000000
42394  61.172  -27.325  18.275 0.0000000000
42405  64.074  -27.471  15.678 0.0000000000
42406  63.498  -27.680  16.092 0.0000000000
42407  62.790  -27.720  16.513 0.0000000000
42408  62.098  -27.594  16.904 0.0000000000
42409  61.367  -27.435  17.275 0.0000000000
42412  64.156  -27.425  14.873 0.0000000000
42413  63.595  -27.798  15.181 0.0000000000
42414  62.878  -27.942  15.578 0.0000000000
42415  62.211  -27.754  15.991 0.0000000000
42416  61.583  -27.510  16.279 0.0000000000
42420  64.166  -27.172  13.961 0.0000000000
42421  63.630  -27.601  14.261 0.0000000000
42422  62.958  -27.872  14.597 0.0000000000
42423  62.091  -27.700  15.038 0.0000000000
42424  61.783  -27.595  15.644 0.0000000000
42429  64.086  -26.893  12.977 0.0000000000
42430  63.605  -27.292  13.307 0.0000000000
42431  63.038  -27.556  13.682 0.0000000000
42432  62.385  -27.533  14.013 0.0000000000
42436  64.037  -26.754  12.016 0.0000000000
42437  63.610  -27.017  12.347 0.0000000000
42438  62.909  -27.181  12.651 0.0000000000
42439  62.583  -27.324  13.362 0.0000000000
42443  64.096  -26.790  11.169 0.0000000000
42444  63.682  -26.898  11.448 0.0000000000
42445  63.265  -27.013  11.762 0.0000000000
42457  64.559  -26.872  10.002 0.0000000000
42458  64.286  -26.936  10.414 0.0000000000
42459  63.782  -26.995  10.633 0.0000000000
42460  63.293  -26.975  10.968 0.0000000000
42472  64.558  -26.923  9.758 0.0000000000
42473  64.353  -27.052  9.781 0.0000000000
42474  63.880  -27.144  9.878 0.0000000000
42475  63.369  -26.984  10.159 0.0000000000
42478  64.134  -27.057  9.469 0.0000000000
42479  63.839  -26.967  9.360 0.0000000000
43200  58.029  -26.499  23.063 0.0000000000
43201  56.934  -26.611  23.228 0.0000000000
43202  55.908  -26.805  23.254 0.0000000000
43203  55.327  -26.929  23.278 0.0000000000
43211  59.371  -26.530  21.825 0.0000000000
43212  58.470  -26.330  22.145 0.0000000000
43213  57.423  -26.233  22.408 0.0000000000
43215  55.056  -26.604  22.787 0.0000000000
43216  53.959  -26.747  22.611 0.0000000000
43231  58.910  -26.399  21.250 0.0000000000
43232  57.913  -26.144  21.433 0.0000000000
43233  56.754  -25.927  21.658 0.0000000000
43252  63.303  -26.690  19.774 0.0000000000
43253  63.042  -26.832  20.152 0.0000000000
43255  59.349  -26.552  20.520 0.0000000000
43256  58.487  -26.245  20.490 0.0000000000
43257  57.262  -25.871  20.483 0.0000000000
43273  63.292  -26.824  19.377 0.0000000000
43274  62.947  -27.137  19.581 0.0000000000
43275  59.857  -26.744  20.066 0.0000000000
43276  59.200  -26.499  19.755 0.0000000000
43277  58.146  -26.022  19.406 0.0000000000
43278  57.107  -25.692  19.470 0.0000000000
43281  50.974  -26.639  20.102 0.0000000000
43282  50.506  -26.838  19.677 0.0000000000
43293  63.483  -26.931  18.471 0.0000000000
43294  60.540  -26.995  19.021 0.0000000000
43295  60.117  -26.857  19.232 0.0000000000
43296  59.138  -26.434  18.747 0.0000000000
43297  58.283  -26.003  18.213 0.0000000000
43314  63.705  -27.041  17.527 0.0000000000
43315  60.561  -27.040  18.608 0.0000000000
43316  59.915  -26.789  18.178 0.0000000000
43317  59.091  -26.385  17.660 0.0000000000
43318  58.325  -25.976  17.226 0.0000000000
43337  64.308  -27.195  15.904 0.0000000000
43338  64.052  -27.154  16.488 0.0000000000
43339  60.627  -27.119  17.678 0.0000000000
43340  59.923  -26.729  17.095 0.0000000000
43341  58.984  -26.245  16.495 0.0000000000
43342  58.312  -25.903  16.587 0.0000000000
43353  64.441  -27.106  15.448 0.0000000000
43354  60.785  -27.180  16.592 0.0000000000
43355  60.054  -26.698  15.951 0.0000000000
43356  59.282  -26.207  15.420 0.0000000000
43360  64.547  -26.867  14.699 0.0000000000
43361  61.676  -27.468  14.901 0.0000000000
43362  61.203  -27.232  15.294 0.0000000000
43363  60.115  -26.552  14.829 0.0000000000
43364  59.343  -26.078  14.489 0.0000000000
43369  64.549  -26.491  13.687 0.0000000000
43370  61.695  -27.347  14.386 0.0000000000
43371  60.918  -26.817  14.061 0.0000000000
43372  59.868  -26.256  13.785 0.0000000000
43373  59.331  -26.010  13.988 0.0000000000
43377  64.642  -26.072  12.141 0.0000000000
43378  64.422  -26.437  12.566 0.0000000000
43379  62.387  -26.953  12.257 0.0000000000
43380  61.874  -26.977  13.079 0.0000000000
43381  60.671  -26.497  13.021 0.0000000000
43382  59.921  -26.185  12.929 0.0000000000
43390  64.695  -26.193  11.391 0.0000000000
43391  64.382  -26.488  11.698 0.0000000000
43392  62.695  -26.937  11.528 0.0000000000
43393  61.913  -26.743  11.820 0.0000000000
43394  61.105  -26.524  12.133 0.0000000000
43395  60.296  -26.264  12.208 0.0000000000
43409  64.744  -26.448  10.515 0.0000000000
43410  64.446  -26.609  11.016 0.0000000000
43411  62.783  -26.844  10.531 0.0000000000
43412  62.077  -26.709  10.923 0.0000000000
43413  61.161  -26.413  11.131 0.0000000000
43414  60.640  -26.321  11.649 0.0000000000
43423  64.713  -26.599  9.628 0.0000000000
43424  64.397  -26.943  9.435 0.0000000000
43425  63.474  -26.879  9.551 0.0000000000
43426  62.893  -26.670  9.674 0.0000000000
43427  62.171  -26.534  10.209 0.0000000000
43428  61.646  -26.460  10.574 0.0000000000
43433  64.237  -26.666  9.062 0.0000000000
43434  63.577  -26.616  9.130 0.0000000000
43435  63.234  -26.616  9.329 0.0000000000
44230  63.411  -26.300  19.720 0.0000000000
44232  56.281  -25.528  19.897 0.0000000000
44233  55.285  -25.396  20.265 0.0000000000
44248  63.539  -26.324  18.837 0.0000000000
44249  57.369  -25.682  18.599 0.0000000000
44250  56.441  -25.447  18.916 0.0000000000
44251  55.507  -25.269  19.268 0.0000000000
44252  54.488  -25.166  19.585 0.0000000000
44265  63.786  -26.436  17.919 0.0000000000
44266  57.556  -25.666  17.626 0.0000000000
44267  56.660  -25.383  17.943 0.0000000000
44268  55.736  -25.186  18.295 0.0000000000
44269  54.812  -25.013  18.607 0.0000000000
44270  53.731  -24.980  18.725 0.0000000000
44282  64.033  -26.599  17.113 0.0000000000
44283  57.756  -25.674  16.790 0.0000000000
44284  56.962  -25.343  16.988 0.0000000000
44285  55.934  -25.001  17.238 0.0000000000
44286  55.125  -24.919  17.810 0.0000000000
44287  54.291  -24.824  17.902 0.0000000000
44303  64.446  -26.900  15.963 0.0000000000
44304  64.394  -26.417  16.386 0.0000000000
44305  58.468  -25.941  16.262 0.0000000000
44306  58.061  -25.732  16.181 0.0000000000
44307  57.377  -25.441  16.153 0.0000000000
44308  56.493  -25.036  16.171 0.0000000000
44325  64.642  -26.503  15.501 0.0000000000
44326  64.633  -25.999  15.890 0.0000000000
44327  58.553  -25.914  15.802 0.0000000000
44328  57.937  -25.596  15.504 0.0000000000
44329  57.139  -25.226  15.302 0.0000000000
44330  56.474  -24.920  15.402 0.0000000000
44335  64.728  -26.214  14.678 0.0000000000
44336  58.643  -25.799  14.971 0.0000000000
44337  57.910  -25.488  14.634 0.0000000000
44338  57.162  -25.162  14.390 0.0000000000
44342  64.706  -25.861  14.005 0.0000000000
44343  59.328  -25.984  13.740 0.0000000000
44344  58.801  -25.756  13.970 0.0000000000
44345  57.844  -25.421  13.699 0.0000000000
44346  56.909  -25.085  13.533 0.0000000000
44352  64.663  -25.808  12.334 0.0000000000
44353  64.656  -25.752  12.906 0.0000000000
44354  59.334  -25.948  13.294 0.0000000000
44355  58.632  -25.674  13.003 0.0000000000
44356  57.719  -25.398  12.739 0.0000000000
44357  56.707  -25.066  12.531 0.0000000000
44369  64.715  -25.575  11.952 0.0000000000
44370  64.632  -25.224  12.455 0.0000000000
44371  59.471  -25.953  12.424 0.0000000000
44372  58.679  -25.650  12.006 0.0000000000
44373  57.656  -25.360  11.771 0.0000000000
44374  56.742  -25.055  11.576 0.0000000000
44388  64.895  -25.669  11.041 0.0000000000
44389  60.766  -26.195  10.814 0.0000000000
44390  60.025  -26.018  11.235 0.0000000000
44391  58.639  -25.527  11.003 0.0000000000
44392  57.583  -25.206  10.931 0.0000000000
44393  56.679  -24.901  10.837 0.0000000000
44399  65.028  -25.696  10.158 0.0000000000
44400  62.752  -26.421  9.415 0.0000000000
44401  62.311  -26.298  9.589 0.0000000000
44402  61.126  -26.068  10.193 0.0000000000
44403  59.605  -25.464  9.991 0.0000000000
44404  58.421  -25.173  10.282 0.0000000000
44405  57.498  -24.876  10.312 0.0000000000
44406  56.650  -24.657  10.261 0.0000000000
44412  64.866  -25.636  9.307 0.0000000000
44416  61.862  -25.598  9.236 0.0000000000
44417  60.599  -25.188  9.354 0.0000000000
44418  59.884  -25.148  9.475 0.0000000000
45278  63.369  -25.598  19.966 0.0000000000
45289  63.414  -25.668  19.187 0.0000000000
45290  63.105  -24.936  19.650 0.0000000000
45291  62.759  -24.561  19.489 0.0000000000
45301  63.661  -25.777  18.256 0.0000000000
45302  63.238  -25.182  18.617 0.0000000000
45303  62.815  -24.685  18.945 0.0000000000
45315  64.066  -25.921  17.224 0.0000000000
45316  63.498  -25.315  17.612 0.0000000000
45317  62.944  -24.768  18.007 0.0000000000
45318  55.666  -24.763  16.415 0.0000000000
45319  54.869  -24.680  16.989 0.0000000000
45320  53.755  -24.601  17.262 0.0000000000
45331  64.354  -25.801  16.384 0.0000000000
45332  63.881  -25.365  16.619 0.0000000000
45333  63.252  -24.835  16.969 0.0000000000
45334  55.901  -24.729  15.678 0.0000000000
45335  55.120  -24.576  15.962 0.0000000000
45336  54.183  -24.461  16.256 0.0000000000
45353  64.714  -25.935  15.324 0.0000000000
45354  64.374  -25.470  15.689 0.0000000000
45355  63.670  -24.841  15.870 0.0000000000
45356  62.933  -24.522  16.351 0.0000000000
45357  56.684  -24.970  14.878 0.0000000000
45358  56.157  -24.742  14.971 0.0000000000
45359  55.473  -24.578  15.123 0.0000000000
45360  54.642  -24.421  15.284 0.0000000000
45361  53.659  -24.270  15.452 0.0000000000
45373  64.645  -25.598  14.766 0.0000000000
45374  64.194  -25.040  14.860 0.0000000000
45375  63.546  -24.581  14.900 0.0000000000
45376  56.502  -24.886  14.331 0.0000000000
45377  55.870  -24.664  14.401 0.0000000000
45378  55.149  -24.487  14.434 0.0000000000
45379  54.286  -24.289  14.473 0.0000000000
45386  64.582  -25.258  13.933 0.0000000000
45387  64.035  -24.627  13.937 0.0000000000
45388  63.354  -24.303  14.228 0.0000000000
45389  56.244  -24.804  13.846 0.0000000000
45390  55.694  -24.634  13.729 0.0000000000
45391  54.942  -24.461  13.619 0.0000000000
45392  54.031  -24.263  13.557 0.0000000000
45401  64.505  -24.943  13.028 0.0000000000
45402  64.002  -24.410  12.939 0.0000000000
45403  56.252  -24.834  13.284 0.0000000000
45423  64.829  -25.158  11.438 0.0000000000
45424  64.469  -24.590  11.921 0.0000000000
45425  63.880  -24.131  12.339 0.0000000000
45441  64.894  -24.746  10.796 0.0000000000
45442  64.539  -24.280  11.151 0.0000000000
45452  64.995  -24.741  9.766 0.0000000000
45453  58.955  -25.031  9.802 0.0000000000
45454  58.327  -24.717  9.819 0.0000000000
45455  57.367  -24.461  9.832 0.0000000000
45471  61.540  -24.579  8.677 0.0000000000
45472  60.648  -24.542  8.885 0.0000000000
45473  59.526  -24.594  9.259 0.0000000000
45474  58.175  -24.116  9.380 0.0000000000
45475  57.093  -23.952  9.359 0.0000000000
45490  62.192  -24.228  8.241 0.0000000000
45491  61.756  -24.150  8.307 0.0000000000
46345  59.432  -23.585  23.617 0.0000000000
46397  62.973  -24.704  20.281 0.0000000000
46398  62.623  -24.316  20.017 0.0000000000
46399  62.082  -23.864  20.306 0.0000000000
46400  61.424  -23.553  20.197 0.0000000000
46411  62.512  -24.347  19.290 0.0000000000
46412  61.996  -23.888  19.395 0.0000000000
46413  61.025  -23.487  19.180 0.0000000000
46422  62.365  -24.344  18.543 0.0000000000
46423  61.608  -23.929  18.253 0.0000000000
46424  60.626  -23.493  18.017 0.0000000000
46433  62.357  -24.408  17.308 0.0000000000
46434  61.309  -23.964  17.039 0.0000000000
46435  60.230  -23.558  16.829 0.0000000000
46446  63.053  -24.461  15.601 0.0000000000
46447  62.162  -24.273  15.968 0.0000000000
46448  60.956  -23.948  15.820 0.0000000000
46449  59.885  -23.512  15.649 0.0000000000
46457  62.774  -24.286  14.881 0.0000000000
46458  61.763  -24.027  14.789 0.0000000000
46459  60.611  -23.690  14.653 0.0000000000
46460  59.601  -23.330  14.568 0.0000000000
46463  63.536  -24.214  13.562 0.0000000000
46464  62.677  -23.983  13.816 0.0000000000
46465  61.435  -23.645  13.664 0.0000000000
46466  60.162  -23.261  13.514 0.0000000000
46467  59.406  -23.100  13.895 0.0000000000
46471  63.360  -23.964  12.842 0.0000000000
46472  62.356  -23.555  12.731 0.0000000000
46473  61.059  -23.169  12.559 0.0000000000
46474  60.304  -23.048  12.795 0.0000000000
46485  64.257  -24.051  11.323 0.0000000000
46486  63.466  -23.643  11.634 0.0000000000
46487  61.990  -23.125  11.833 0.0000000000
46488  61.279  -22.888  11.893 0.0000000000
46490  64.928  -24.175  10.190 0.0000000000
46491  64.354  -23.672  10.584 0.0000000000
46494  64.862  -23.583  9.535 0.0000000000
46498  61.054  -24.189  8.561 0.0000000000
46499  60.492  -23.995  8.629 0.0000000000
46500  59.768  -23.718  8.685 0.0000000000
46501  58.882  -23.609  8.863 0.0000000000
46517  61.451  -23.584  7.975 0.0000000000
47441  58.657  -23.240  23.789 0.0000000000
47442  57.869  -22.770  24.027 0.0000000000
47457  58.941  -23.232  22.842 0.0000000000
47458  58.063  -22.853  22.997 0.0000000000
47459  57.193  -22.397  23.262 0.0000000000
47472  59.404  -23.178  21.904 0.0000000000
47473  58.392  -22.863  21.953 0.0000000000
47474  57.359  -22.532  22.112 0.0000000000
47484  58.845  -22.815  20.930 0.0000000000
47485  57.777  -22.525  20.947 0.0000000000
47493  60.463  -23.178  20.220 0.0000000000
47494  59.404  -22.831  19.963 0.0000000000
47495  58.346  -22.523  19.853 0.0000000000
47496  57.238  -22.240  19.804 0.0000000000
47506  60.015  -23.073  18.994 0.0000000000
47507  58.958  -22.666  18.805 0.0000000000
47508  57.839  -22.303  18.665 0.0000000000
47509  56.791  -22.006  18.651 0.0000000000
47519  59.578  -23.068  17.803 0.0000000000
47520  58.490  -22.598  17.574 0.0000000000
47521  57.147  -22.122  17.304 0.0000000000
47522  56.418  -21.822  17.927 0.0000000000
47531  59.194  -23.090  16.599 0.0000000000
47532  58.155  -22.641  16.301 0.0000000000
47533  57.207  -22.290  15.826 0.0000000000
47544  58.917  -23.074  15.423 0.0000000000
47545  58.025  -22.638  15.086 0.0000000000
47546  57.178  -22.238  14.699 0.0000000000
47556  58.814  -22.943  14.345 0.0000000000
47557  58.007  -22.463  13.979 0.0000000000
47558  57.184  -21.964  13.763 0.0000000000
47562  59.915  -22.958  12.927 0.0000000000
47563  59.145  -22.696  13.228 0.0000000000
47564  57.947  -21.940  12.970 0.0000000000
47565  57.291  -21.631  13.339 0.0000000000
47573  60.909  -22.793  11.983 0.0000000000
47574  60.153  -22.660  12.279 0.0000000000
47575  58.970  -21.987  12.135 0.0000000000
47576  58.299  -21.631  12.398 0.0000000000
47588  61.191  -22.393  11.287 0.0000000000
47589  59.914  -21.972  11.592 0.0000000000
47590  59.358  -21.676  11.637 0.0000000000
47594  62.259  -22.254  10.548 0.0000000000
47595  61.617  -21.931  10.612 0.0000000000
48682  56.542  -22.090  21.054 0.0000000000
48684  54.699  -21.023  20.246 0.0000000000
48690  56.199  -21.865  19.671 0.0000000000
48691  55.265  -21.473  19.421 0.0000000000
48692  54.480  -20.928  19.188 0.0000000000
48700  55.912  -21.689  18.532 0.0000000000
48701  55.019  -21.345  18.305 0.0000000000
48702  54.275  -20.761  18.194 0.0000000000
48712  55.783  -21.612  17.220 0.0000000000
48713  54.687  -21.094  17.287 0.0000000000
48751  56.753  -21.241  13.692 0.0000000000
48757  57.956  -21.179  12.590 0.0000000000
48758  57.419  -21.361  13.096 0.0000000000
48768  59.075  -21.225  11.695 0.0000000000
48769  58.530  -21.363  12.142 0.0000000000
48776  61.190  -21.380  10.638 0.0000000000
48777  60.325  -21.495  11.094 0.0000000000
48778  59.648  -21.463  11.396 0.0000000000
48782  61.994  -21.570  10.302 0.0000000000
49836  58.225  -20.514  12.945 0.0000000000
49837  57.441  -20.793  13.234 0.0000000000
49849  59.371  -20.531  11.977 0.0000000000
49850  58.638  -20.802  12.271 0.0000000000
49855  61.391  -20.547  10.842 0.0000000000
49856  60.589  -20.732  11.075 0.0000000000
49857  59.788  -20.895  11.356 0.0000000000
49862  61.814  -20.944  10.394 0.0000000000
94588  43.434  18.713  31.189 0.0000000000
94589  42.722  18.676  31.478 0.0000000000
94590  41.740  18.606  31.483 0.0000000000
94600  44.480  18.811  30.257 0.0000000000
94601  43.783  18.676  30.547 0.0000000000
94614  45.598  18.877  29.367 0.0000000000
94615  44.857  18.780  29.632 0.0000000000
94616  43.894  18.538  29.665 0.0000000000
94631  50.334  18.711  28.407 0.0000000000
94632  49.285  18.802  28.365 0.0000000000
94633  48.212  18.879  28.382 0.0000000000
94634  47.154  18.893  28.517 0.0000000000
94635  46.100  18.749  28.768 0.0000000000
94636  45.063  18.546  28.765 0.0000000000
94691  47.459  18.817  23.131 0.0000000000
94704  45.759  18.548  22.321 0.0000000000
94705  44.884  18.760  22.221 0.0000000000
94706  44.087  18.791  22.124 0.0000000000
95683  46.227  19.675  31.504 0.0000000000
95692  47.210  19.855  30.673 0.0000000000
95693  46.566  19.663  30.919 0.0000000000
95694  45.709  19.274  30.993 0.0000000000
95695  44.798  18.984  31.057 0.0000000000
95696  44.096  18.879  31.350 0.0000000000
95705  49.589  20.075  29.711 0.0000000000
95706  48.574  19.952  29.914 0.0000000000
95707  47.595  19.752  30.113 0.0000000000
95708  46.719  19.464  30.133 0.0000000000
95709  45.826  19.146  30.150 0.0000000000
95710  45.127  19.000  30.417 0.0000000000
95720  49.931  19.445  28.987 0.0000000000
95721  48.920  19.418  29.121 0.0000000000
95722  47.893  19.376  29.236 0.0000000000
95723  46.933  19.244  29.381 0.0000000000
95724  46.222  19.103  29.556 0.0000000000
95758  50.429  20.286  24.460 0.0000000000
95759  49.371  20.302  24.347 0.0000000000
95760  48.746  20.355  24.304 0.0000000000
95772  47.172  19.442  23.449 0.0000000000
95773  45.995  19.757  23.316 0.0000000000
95774  45.044  19.976  23.200 0.0000000000
95775  44.484  20.079  23.163 0.0000000000
95782  47.034  18.746  22.939 0.0000000000
95783  46.327  19.009  22.870 0.0000000000
95784  45.390  19.285  22.762 0.0000000000
95785  44.340  19.516  22.716 0.0000000000
95786  43.209  19.089  22.336 0.0000000000
95787  42.100  19.312  22.411 0.0000000000
95800  42.969  18.564  21.785 0.0000000000
95801  42.394  18.688  21.869 0.0000000000
95802  41.509  18.838  21.889 0.0000000000
96716  48.901  21.310  30.881 0.0000000000
96717  48.428  20.966  31.020 0.0000000000
96718  47.456  20.455  31.358 0.0000000000
96719  46.701  19.961  31.510 0.0000000000
96726  50.244  20.807  29.989 0.0000000000
96727  49.200  20.819  30.486 0.0000000000
96728  48.165  20.328  30.629 0.0000000000
96729  47.640  20.053  30.736 0.0000000000
96769  49.861  21.017  24.676 0.0000000000
96770  48.833  20.915  24.559 0.0000000000
96771  47.885  20.931  24.540 0.0000000000
96772  46.949  20.851  24.473 0.0000000000
96773  46.007  20.896  24.312 0.0000000000
96774  45.178  20.960  24.178 0.0000000000
96776  48.296  20.448  24.303 0.0000000000
96778  46.528  20.294  23.892 0.0000000000
96779  45.537  20.426  23.752 0.0000000000
96780  44.473  20.589  23.660 0.0000000000
96781  43.356  20.474  23.451 0.0000000000
96782  42.247  20.561  23.476 0.0000000000
96789  44.046  20.130  23.154 0.0000000000
96790  43.535  19.824  22.921 0.0000000000
96791  42.691  19.861  22.949 0.0000000000
96792  41.677  19.993  22.924 0.0000000000
97766  48.129  21.165  31.418 0.0000000000
97827  47.375  21.423  24.982 0.0000000000
97828  46.408  21.358  24.919 0.0000000000
97829  45.449  21.387  24.768 0.0000000000
97830  44.402  21.358  24.533 0.0000000000
97841  43.674  21.079  24.022 0.0000000000
97842  42.769  21.166  24.020 0.0000000000
97843  41.734  21.201  24.037 0.0000000000
100880  11.407  24.736  49.977 0.0000000000
100905  7.667  24.767  46.390 0.0000000000
100913  7.790  25.084  45.260 0.0000000000
100920  8.307  24.640  44.718 0.0000000000
100921  7.991  25.275  44.280 0.0000000000
100929  8.593  24.826  43.457 0.0000000000
100930  8.095  25.380  43.705 0.0000000000
100940  14.546  24.709  42.829 0.0000000000
100942  8.719  24.920  42.073 0.0000000000
100954  15.001  24.564  41.734 0.0000000000
100955  14.416  25.043  42.198 0.0000000000
100958  8.770  25.027  40.995 0.0000000000
100964  16.691  24.511  40.668 0.0000000000
100965  15.719  24.601  40.862 0.0000000000
100966  15.133  24.877  41.004 0.0000000000
100968  9.404  24.850  40.281 0.0000000000
100969  8.829  25.225  40.421 0.0000000000
100977  9.790  24.993  39.375 0.0000000000
100983  10.397  24.776  38.830 0.0000000000
100984  9.942  25.103  39.003 0.0000000000
100990  10.775  24.845  37.878 0.0000000000
100997  11.414  24.707  36.878 0.0000000000
100998  11.047  24.860  37.367 0.0000000000
101842  11.107  24.885  49.888 0.0000000000
101843  10.611  24.834  49.878 0.0000000000
101844  9.958  24.815  49.794 0.0000000000
101845  9.552  24.725  49.704 0.0000000000
101848  11.472  25.166  49.654 0.0000000000
101849  10.892  25.348  49.551 0.0000000000
101850  10.241  25.401  49.499 0.0000000000
101851  9.358  25.271  49.449 0.0000000000
101852  8.535  25.563  48.994 0.0000000000
101876  14.069  25.003  45.699 0.0000000000
101877  13.502  25.634  46.303 0.0000000000
101878  7.451  25.661  45.772 0.0000000000
101879  7.291  26.342  46.137 0.0000000000
101882  14.074  25.089  44.607 0.0000000000
101883  13.518  25.734  45.255 0.0000000000
101884  7.562  25.900  44.729 0.0000000000
101885  7.317  26.346  45.348 0.0000000000
101890  14.043  25.205  43.575 0.0000000000
101891  13.540  25.791  44.168 0.0000000000
101892  8.037  25.506  43.273 0.0000000000
101893  7.759  25.839  43.794 0.0000000000
101898  13.956  25.506  42.656 0.0000000000
101899  13.633  25.796  43.342 0.0000000000
101900  8.120  25.465  42.512 0.0000000000
101901  7.667  25.974  42.912 0.0000000000
101913  14.786  25.154  41.119 0.0000000000
101914  14.285  25.503  41.655 0.0000000000
101915  8.133  25.469  41.468 0.0000000000
101916  7.624  26.041  41.936 0.0000000000
101926  16.198  25.101  40.095 0.0000000000
101927  15.164  25.394  40.495 0.0000000000
101928  14.558  25.647  40.916 0.0000000000
101929  8.906  25.366  40.037 0.0000000000
101930  8.305  25.656  40.379 0.0000000000
101931  7.612  25.987  40.988 0.0000000000
101938  17.085  26.039  39.608 0.0000000000
101939  16.518  25.824  39.627 0.0000000000
101940  15.670  25.764  39.818 0.0000000000
101941  9.281  25.290  39.591 0.0000000000
101942  8.761  25.771  39.494 0.0000000000
101949  10.089  25.195  38.591 0.0000000000
101950  9.625  25.466  38.770 0.0000000000
101951  8.832  26.083  38.734 0.0000000000
101956  10.231  25.272  38.145 0.0000000000
101957  9.787  25.843  37.700 0.0000000000
101963  11.135  25.127  36.683 0.0000000000
101964  10.685  25.373  37.045 0.0000000000
101965  9.845  26.148  36.686 0.0000000000
101971  11.253  25.211  36.096 0.0000000000
101972  10.419  25.890  35.804 0.0000000000
101973  9.723  26.314  35.855 0.0000000000
102757  11.275  25.706  49.201 0.0000000000
102758  10.667  25.978  49.040 0.0000000000
102759  9.957  26.008  49.058 0.0000000000
102760  9.213  26.184  48.886 0.0000000000
102761  8.551  26.173  48.657 0.0000000000
102763  11.206  26.324  48.745 0.0000000000
102764  10.760  26.654  48.656 0.0000000000
102765  8.861  26.654  48.548 0.0000000000
102778  7.283  27.044  46.428 0.0000000000
102786  7.126  27.043  45.605 0.0000000000
102790  12.981  26.350  45.948 0.0000000000
102791  12.470  27.046  45.720 0.0000000000
102792  7.476  26.266  44.124 0.0000000000
102793  7.145  26.855  44.453 0.0000000000
102798  12.937  26.518  44.814 0.0000000000
102799  12.400  27.224  44.950 0.0000000000
102800  7.359  26.444  43.500 0.0000000000
102801  6.951  27.186  43.232 0.0000000000
102803  20.209  27.572  42.814 0.0000000000
102805  13.538  26.041  42.905 0.0000000000
102806  13.125  26.473  43.463 0.0000000000
102807  7.200  26.598  42.489 0.0000000000
102808  6.752  27.367  42.084 0.0000000000
102816  13.450  26.411  42.214 0.0000000000
102817  12.934  26.967  42.775 0.0000000000
102818  6.995  26.710  41.293 0.0000000000
102819  6.708  27.257  41.416 0.0000000000
102829  17.431  26.515  39.595 0.0000000000
102830  14.623  25.926  40.543 0.0000000000
102831  14.063  26.396  40.935 0.0000000000
102832  8.187  26.075  39.747 0.0000000000
102833  7.512  26.527  39.976 0.0000000000
102839  16.740  26.536  39.233 0.0000000000
102840  15.800  26.432  39.323 0.0000000000
102841  14.789  26.370  39.965 0.0000000000
102842  14.132  26.893  40.324 0.0000000000
102843  8.213  26.336  39.128 0.0000000000
102844  7.632  26.930  38.711 0.0000000000
102851  9.145  26.102  38.130 0.0000000000
102852  8.390  26.538  38.076 0.0000000000
102853  7.788  27.123  37.703 0.0000000000
102858  9.099  26.399  37.305 0.0000000000
102859  8.319  26.993  36.903 0.0000000000
102860  7.866  27.274  37.184 0.0000000000
102866  9.181  26.646  36.295 0.0000000000
102867  8.718  27.157  35.730 0.0000000000
103629  10.343  26.519  48.774 0.0000000000
103630  9.851  26.716  48.702 0.0000000000
103631  9.343  26.866  48.557 0.0000000000
103633  11.128  27.124  48.242 0.0000000000
103634  10.409  27.207  48.404 0.0000000000
103635  9.727  27.401  48.309 0.0000000000
103636  8.969  27.366  48.231 0.0000000000
103639  11.394  27.608  47.755 0.0000000000
103645  11.845  27.517  47.201 0.0000000000
103646  11.445  27.952  47.439 0.0000000000
103648  7.112  27.921  46.122 0.0000000000
103654  12.035  27.550  46.370 0.0000000000
103655  6.829  27.890  45.086 0.0000000000
103659  12.008  27.693  45.534 0.0000000000
103660  6.762  27.940  43.971 0.0000000000
103664  12.577  27.054  44.206 0.0000000000
103665  12.012  27.810  44.454 0.0000000000
103666  6.607  28.042  42.901 0.0000000000
103668  20.273  28.396  42.827 0.0000000000
103669  19.943  28.102  42.194 0.0000000000
103670  12.526  27.343  43.379 0.0000000000
103671  11.954  28.177  43.345 0.0000000000
103672  6.514  28.158  42.055 0.0000000000
103675  19.475  27.772  41.518 0.0000000000
103676  18.990  27.650  40.864 0.0000000000
103677  13.390  27.002  41.451 0.0000000000
103678  12.666  27.688  42.102 0.0000000000
103679  12.046  28.440  42.678 0.0000000000
103680  6.692  27.245  41.082 0.0000000000
103681  6.546  27.824  41.209 0.0000000000
103689  18.302  27.634  39.953 0.0000000000
103691  13.457  27.595  40.647 0.0000000000
103692  12.811  28.070  41.207 0.0000000000
103693  6.761  27.341  40.442 0.0000000000
103694  6.545  27.986  40.389 0.0000000000
103701  17.969  28.160  39.395 0.0000000000
103702  17.288  27.589  39.020 0.0000000000
103703  16.144  27.141  38.825 0.0000000000
103704  15.045  27.361  39.091 0.0000000000
103705  14.256  27.279  39.847 0.0000000000
103706  6.894  27.611  39.312 0.0000000000
103707  6.655  27.813  39.956 0.0000000000
103713  16.736  28.137  38.559 0.0000000000
103714  16.259  27.822  38.534 0.0000000000
103715  15.686  27.600  38.680 0.0000000000
103716  7.222  27.598  38.154 0.0000000000
103722  7.890  27.431  36.871 0.0000000000
103723  7.591  27.603  37.289 0.0000000000
103730  8.044  27.698  36.197 0.0000000000
103731  7.771  27.680  36.798 0.0000000000
104447  11.071  27.690  47.897 0.0000000000
104448  10.731  27.768  47.953 0.0000000000
104449  10.161  28.010  47.903 0.0000000000
104450  9.478  28.111  47.851 0.0000000000
104451  8.867  28.028  47.782 0.0000000000
104452  11.039  28.172  47.582 0.0000000000
104453  10.528  28.306  47.648 0.0000000000
104454  10.284  28.350  47.658 0.0000000000
104455  9.031  28.603  47.687 0.0000000000
104457  11.744  27.903  46.735 0.0000000000
104458  11.405  28.317  46.984 0.0000000000
104460  7.266  28.890  46.454 0.0000000000
104466  11.645  28.111  46.228 0.0000000000
104467  11.251  28.779  46.179 0.0000000000
104468  6.859  28.896  45.638 0.0000000000
104473  11.528  28.404  45.381 0.0000000000
104474  11.070  29.139  45.388 0.0000000000
104475  6.619  28.894  44.607 0.0000000000
104479  11.302  28.918  44.368 0.0000000000
104480  10.949  29.467  44.888 0.0000000000
104481  6.499  28.883  43.533 0.0000000000
104485  20.075  29.066  42.506 0.0000000000
104486  11.542  29.107  43.189 0.0000000000
104487  6.441  28.891  42.519 0.0000000000
104490  19.579  28.852  41.589 0.0000000000
104491  19.289  28.248  41.143 0.0000000000
104492  12.530  28.428  41.504 0.0000000000
104493  12.097  28.853  42.123 0.0000000000
104494  6.482  28.805  41.576 0.0000000000
104501  19.321  29.285  41.172 0.0000000000
104502  19.004  28.753  40.667 0.0000000000
104503  13.387  28.314  40.192 0.0000000000
104504  12.797  28.721  40.736 0.0000000000
104505  12.359  28.895  41.443 0.0000000000
104506  6.512  28.678  40.665 0.0000000000
104513  18.352  28.772  39.726 0.0000000000
104514  17.758  28.718  39.064 0.0000000000
104515  14.725  28.024  38.904 0.0000000000
104516  13.977  28.308  39.417 0.0000000000
104517  13.318  28.670  40.034 0.0000000000
104518  6.661  28.220  39.172 0.0000000000
104519  6.555  28.404  39.728 0.0000000000
104525  17.069  28.645  38.541 0.0000000000
104526  16.272  28.549  38.289 0.0000000000
104527  15.323  28.194  38.521 0.0000000000
104528  14.638  28.344  38.801 0.0000000000
104529  6.807  28.455  38.570 0.0000000000
104530  6.605  28.516  39.151 0.0000000000
104536  7.264  28.244  37.577 0.0000000000
104541  7.900  28.555  36.227 0.0000000000
104542  7.645  28.072  36.835 0.0000000000
104547  8.279  28.361  35.384 0.0000000000
105226  10.067  28.411  47.688 0.0000000000
105227  9.892  28.455  47.697 0.0000000000
105228  11.027  28.640  47.249 0.0000000000
105229  10.621  28.812  47.316 0.0000000000
105230  10.131  28.771  47.515 0.0000000000
105231  9.513  28.958  47.577 0.0000000000
105232  8.851  29.267  47.529 0.0000000000
105233  10.882  29.046  46.801 0.0000000000
105234  10.479  29.395  46.982 0.0000000000
105241  10.802  29.466  46.044 0.0000000000
105242  7.154  29.824  46.111 0.0000000000
105247  10.723  29.821  45.305 0.0000000000
105248  6.796  30.010  45.188 0.0000000000
105253  11.166  29.540  43.874 0.0000000000
105254  10.886  30.028  44.429 0.0000000000
105255  6.540  29.861  44.104 0.0000000000
105260  11.168  30.157  43.524 0.0000000000
105261  10.984  30.618  44.008 0.0000000000
105262  6.492  29.811  43.055 0.0000000000
105265  19.751  29.957  42.173 0.0000000000
105266  19.397  30.272  41.624 0.0000000000
105267  11.579  29.870  42.556 0.0000000000
105268  6.512  29.771  42.006 0.0000000000
105274  19.454  29.653  41.503 0.0000000000
105275  19.133  29.886  40.994 0.0000000000
105276  12.505  29.750  40.617 0.0000000000
105277  12.098  29.646  41.488 0.0000000000
105278  6.571  29.616  41.042 0.0000000000
105287  18.670  29.752  40.161 0.0000000000
105288  18.110  29.667  39.364 0.0000000000
105289  13.824  29.606  38.983 0.0000000000
105290  13.117  29.374  39.861 0.0000000000
105291  6.784  29.925  39.319 0.0000000000
105292  6.564  29.525  40.094 0.0000000000
105298  17.456  29.552  38.691 0.0000000000
105299  16.596  29.461  38.215 0.0000000000
105300  15.538  29.233  38.110 0.0000000000
105301  14.592  28.931  38.551 0.0000000000
105302  6.922  29.520  38.556 0.0000000000
105303  6.586  29.055  39.203 0.0000000000
105309  7.686  29.644  37.275 0.0000000000
105310  7.169  29.093  37.781 0.0000000000
105317  8.634  29.859  36.028 0.0000000000
105318  8.019  29.358  36.481 0.0000000000
105319  7.570  28.811  37.012 0.0000000000
105325  8.346  29.116  35.662 0.0000000000
106011  10.240  29.306  47.212 0.0000000000
106012  9.826  29.557  47.285 0.0000000000
106013  9.260  29.818  47.338 0.0000000000
106014  8.716  29.963  47.270 0.0000000000
106015  10.512  29.776  46.522 0.0000000000
106016  10.148  30.006  46.875 0.0000000000
106017  9.608  30.394  46.995 0.0000000000
106018  9.003  30.572  47.024 0.0000000000
106025  10.507  30.229  45.869 0.0000000000
106031  10.635  30.675  45.124 0.0000000000
106036  10.898  31.051  44.378 0.0000000000
106039  20.185  30.950  43.589 0.0000000000
106040  11.368  30.760  43.019 0.0000000000
106041  11.187  31.164  43.697 0.0000000000
106045  19.838  30.869  42.836 0.0000000000
106046  19.469  30.897  42.132 0.0000000000
106047  11.684  30.782  42.174 0.0000000000
106048  6.567  30.760  42.566 0.0000000000
106052  19.122  30.927  41.335 0.0000000000
106053  18.774  31.206  40.689 0.0000000000
106054  12.646  30.311  40.176 0.0000000000
106055  12.158  30.790  41.028 0.0000000000
106056  6.781  31.051  40.784 0.0000000000
106057  6.656  30.822  41.311 0.0000000000
106066  18.812  30.535  40.593 0.0000000000
106067  18.327  30.884  39.815 0.0000000000
106068  17.715  31.004  39.010 0.0000000000
106069  13.764  30.562  38.795 0.0000000000
106070  13.182  30.436  39.492 0.0000000000
106071  6.846  30.838  40.155 0.0000000000
106072  6.640  30.190  40.642 0.0000000000
106080  17.783  30.330  39.012 0.0000000000
106081  17.092  30.521  38.414 0.0000000000
106082  15.928  30.339  37.932 0.0000000000
106083  14.631  30.145  38.218 0.0000000000
106084  7.842  31.126  38.134 0.0000000000
106085  7.312  30.672  38.694 0.0000000000
106091  7.915  30.586  37.666 0.0000000000
106092  7.376  29.894  37.984 0.0000000000
106099  8.965  30.649  36.404 0.0000000000
106100  8.284  30.166  36.818 0.0000000000
106107  9.315  30.317  35.618 0.0000000000
106429  48.967  31.136  -6.838 0.0000000000
106437  49.172  31.019  -7.971 0.0000000000
106444  50.055  31.310  -9.424 0.0000000000
106445  49.589  30.861  -9.167 0.0000000000
106453  50.141  31.181  -9.896 0.0000000000
106460  50.373  30.787  -10.871 0.0000000000
106480  51.570  30.952  -13.544 0.0000000000
106483  47.073  30.772  -13.146 0.0000000000
106487  51.756  30.722  -14.585 0.0000000000
106489  48.185  30.539  -15.121 0.0000000000
106494  52.064  30.759  -15.772 0.0000000000
106499  52.770  31.425  -17.197 0.0000000000
106500  52.410  30.808  -16.934 0.0000000000
106501  49.189  30.810  -17.630 0.0000000000
106506  52.571  31.192  -17.619 0.0000000000
106507  52.282  30.606  -18.028 0.0000000000
106526  37.664  31.139  -21.797 0.0000000000
106527  36.911  30.559  -21.389 0.0000000000
106529  38.893  31.440  -22.823 0.0000000000
106530  38.231  30.814  -22.449 0.0000000000
106533  39.360  31.323  -23.700 0.0000000000
106534  38.821  30.542  -23.199 0.0000000000
106536  39.663  31.182  -24.743 0.0000000000
106539  39.224  31.065  -25.704 0.0000000000
106782  10.309  30.454  46.332 0.0000000000
106783  9.950  30.995  46.429 0.0000000000
106784  9.386  31.221  46.657 0.0000000000
106785  8.786  31.357  46.662 0.0000000000
106791  10.396  31.156  45.760 0.0000000000
106792  10.120  31.760  45.960 0.0000000000
106801  10.799  31.644  44.959 0.0000000000
106805  20.346  31.767  44.103 0.0000000000
106806  11.457  32.123  43.652 0.0000000000
106807  11.285  31.979  44.060 0.0000000000
106810  19.842  31.795  43.323 0.0000000000
106811  19.520  32.104  42.789 0.0000000000
106812  11.484  31.755  43.186 0.0000000000
106813  11.330  31.655  43.668 0.0000000000
106817  19.568  31.510  42.649 0.0000000000
106818  19.276  31.796  42.088 0.0000000000
106819  11.829  31.828  41.894 0.0000000000
106820  6.652  31.748  42.242 0.0000000000
106823  18.955  31.823  41.240 0.0000000000
106824  18.643  31.821  40.478 0.0000000000
106825  12.616  31.258  40.155 0.0000000000
106826  12.169  31.956  40.911 0.0000000000
106827  6.819  31.527  40.898 0.0000000000
106828  6.718  31.965  41.535 0.0000000000
106835  18.292  31.886  39.911 0.0000000000
106836  17.912  31.702  39.321 0.0000000000
106837  14.113  31.130  38.394 0.0000000000
106838  13.331  31.525  39.218 0.0000000000
106839  7.024  31.940  40.380 0.0000000000
106848  17.311  31.554  38.663 0.0000000000
106849  16.464  31.393  38.036 0.0000000000
106850  15.115  31.384  37.835 0.0000000000
106851  7.765  31.565  38.489 0.0000000000
106852  7.366  31.916  39.392 0.0000000000
106860  8.921  31.902  37.287 0.0000000000
106861  8.452  31.695  37.721 0.0000000000
106869  9.780  31.910  36.362 0.0000000000
106870  9.291  31.708  36.753 0.0000000000
106871  8.588  30.946  37.083 0.0000000000
106879  10.104  31.791  35.852 0.0000000000
106880  9.556  31.045  35.987 0.0000000000
107173  49.407  31.846  -6.253 0.0000000000
107182  50.169  32.294  -6.841 0.0000000000
107183  49.598  31.695  -7.392 0.0000000000
107191  50.323  32.111  -7.973 0.0000000000
107192  49.815  31.528  -8.450 0.0000000000
107202  49.955  31.418  -8.940 0.0000000000
107230  45.857  30.603  -11.383 0.0000000000
107231  45.320  31.130  -11.067 0.0000000000
107239  46.146  31.075  -11.999 0.0000000000
107240  45.553  31.745  -11.927 0.0000000000
107244  52.714  31.975  -13.693 0.0000000000
107245  52.221  31.433  -14.137 0.0000000000
107246  47.234  30.983  -13.466 0.0000000000
107247  46.755  31.392  -13.143 0.0000000000
107250  52.936  31.992  -14.715 0.0000000000
107251  52.478  31.420  -15.207 0.0000000000
107252  48.011  30.868  -14.750 0.0000000000
107253  47.551  31.332  -14.209 0.0000000000
107254  46.806  32.102  -13.977 0.0000000000
107259  53.307  32.108  -15.759 0.0000000000
107260  52.696  31.415  -16.231 0.0000000000
107261  48.163  31.284  -15.342 0.0000000000
107262  47.772  32.034  -15.064 0.0000000000
107267  53.181  31.948  -16.797 0.0000000000
107268  52.775  31.397  -16.812 0.0000000000
107269  49.241  31.521  -17.526 0.0000000000
107270  48.722  31.430  -16.615 0.0000000000
107274  52.834  31.800  -17.695 0.0000000000
107275  52.444  31.354  -18.076 0.0000000000
107276  50.641  31.795  -18.659 0.0000000000
107277  49.942  31.540  -18.271 0.0000000000
107280  52.424  31.843  -18.232 0.0000000000
107281  51.958  31.356  -18.578 0.0000000000
107282  50.980  31.238  -18.935 0.0000000000
107283  50.330  30.582  -18.817 0.0000000000
107296  37.861  31.881  -21.567 0.0000000000
107297  37.222  31.612  -21.160 0.0000000000
107299  38.897  32.100  -22.497 0.0000000000
107300  38.365  31.775  -22.117 0.0000000000
107302  39.316  32.175  -23.143 0.0000000000
107304  39.553  32.307  -24.281 0.0000000000
107305  38.919  32.696  -25.131 0.0000000000
107311  39.473  31.930  -25.325 0.0000000000
107312  38.570  31.885  -25.840 0.0000000000
107560  9.731  31.864  46.250 0.0000000000
107561  9.254  32.042  46.431 0.0000000000
107562  8.706  32.230  46.388 0.0000000000
107566  10.524  32.174  45.475 0.0000000000
107567  10.114  32.516  45.873 0.0000000000
107576  11.119  32.631  44.859 0.0000000000
107580  20.080  32.575  43.834 0.0000000000
107581  11.541  32.558  43.636 0.0000000000
107582  11.513  33.007  44.245 0.0000000000
107585  19.695  32.670  43.222 0.0000000000
107586  19.433  32.647  42.526 0.0000000000
107587  11.703  32.742  42.739 0.0000000000
107590  19.181  32.570  41.774 0.0000000000
107591  12.281  32.881  40.815 0.0000000000
107592  12.070  32.828  41.362 0.0000000000
107593  6.767  32.912  41.712 0.0000000000
107594  6.699  32.700  41.981 0.0000000000
107597  18.886  32.556  40.992 0.0000000000
107598  18.532  32.520  40.278 0.0000000000
107599  12.542  32.493  40.351 0.0000000000
107600  12.222  32.450  40.859 0.0000000000
107601  6.865  32.600  41.242 0.0000000000
107602  6.743  32.420  41.579 0.0000000000
107605  18.113  32.472  39.648 0.0000000000
107606  17.627  32.377  38.991 0.0000000000
107607  14.039  32.044  38.370 0.0000000000
107608  13.304  32.699  39.210 0.0000000000
107609  7.200  32.862  40.219 0.0000000000
107616  16.975  32.298  38.336 0.0000000000
107617  16.069  32.285  37.706 0.0000000000
107618  14.874  32.512  37.780 0.0000000000
107619  7.939  32.439  38.543 0.0000000000
107620  7.559  33.145  39.292 0.0000000000
107628  8.982  32.335  37.339 0.0000000000
107629  8.523  32.839  37.897 0.0000000000
107634  9.850  32.279  36.394 0.0000000000
107635  9.478  32.690  36.858 0.0000000000
107642  10.264  32.604  35.957 0.0000000000
107996  44.945  31.951  -11.629 0.0000000000
108005  45.981  31.854  -12.570 0.0000000000
108006  45.169  32.382  -12.518 0.0000000000
108014  53.484  32.390  -14.270 0.0000000000
108015  46.052  32.326  -13.396 0.0000000000
108016  45.156  32.987  -13.641 0.0000000000
108017  44.366  33.406  -13.443 0.0000000000
108024  47.209  32.297  -14.642 0.0000000000
108025  46.321  32.861  -14.551 0.0000000000
108026  45.498  33.419  -14.444 0.0000000000
108032  48.165  32.106  -15.777 0.0000000000
108033  47.433  32.815  -15.481 0.0000000000
108034  46.696  33.361  -15.322 0.0000000000
108040  53.286  32.393  -17.461 0.0000000000
108041  49.240  32.204  -17.348 0.0000000000
108042  48.393  32.682  -16.468 0.0000000000
108043  47.771  33.299  -16.081 0.0000000000
108047  53.428  32.982  -17.576 0.0000000000
108048  52.688  32.608  -18.110 0.0000000000
108049  51.700  32.719  -18.500 0.0000000000
108050  50.684  32.463  -18.433 0.0000000000
108051  49.837  32.675  -17.796 0.0000000000
108054  52.068  32.107  -18.498 0.0000000000
108055  51.408  31.977  -18.696 0.0000000000
108056  50.939  31.883  -18.743 0.0000000000
108066  37.941  32.834  -21.025 0.0000000000
108073  38.791  32.934  -21.916 0.0000000000
108074  38.346  32.678  -21.526 0.0000000000
108075  37.728  32.184  -21.242 0.0000000000
108078  39.045  32.790  -22.342 0.0000000000
108079  38.680  32.338  -22.117 0.0000000000
108081  39.399  33.131  -23.375 0.0000000000
108082  36.929  33.737  -24.246 0.0000000000
108083  36.449  33.629  -24.069 0.0000000000
108084  35.597  33.450  -23.878 0.0000000000
108087  39.194  33.432  -24.385 0.0000000000
108089  37.087  33.286  -24.608 0.0000000000
108090  36.025  32.971  -24.451 0.0000000000
108340  9.655  32.565  46.143 0.0000000000
108341  9.248  32.872  46.216 0.0000000000
108342  8.682  33.037  46.112 0.0000000000
108344  10.679  33.143  45.392 0.0000000000
108345  9.937  33.415  45.851 0.0000000000
108354  20.350  33.107  44.101 0.0000000000
108355  11.670  33.881  44.216 0.0000000000
108362  20.128  33.375  43.605 0.0000000000
108363  11.701  33.561  43.774 0.0000000000
108364  11.610  33.458  44.256 0.0000000000
108368  19.743  33.345  42.895 0.0000000000
108369  19.502  33.261  42.185 0.0000000000
108370  11.857  33.716  42.506 0.0000000000
108372  6.787  33.431  42.594 0.0000000000
108374  19.225  33.234  41.467 0.0000000000
108375  12.323  33.270  40.757 0.0000000000
108376  12.083  33.903  41.440 0.0000000000
108377  6.793  33.437  41.928 0.0000000000
108378  6.724  33.195  42.168 0.0000000000
108381  18.857  33.299  40.651 0.0000000000
108382  18.408  33.037  39.997 0.0000000000
108383  12.756  33.431  39.980 0.0000000000
108387  18.609  33.579  40.010 0.0000000000
108388  18.001  33.268  39.363 0.0000000000
108389  17.425  32.941  38.672 0.0000000000
108390  13.994  33.003  38.393 0.0000000000
108391  13.319  33.649  39.059 0.0000000000
108398  17.622  33.519  38.671 0.0000000000
108399  16.926  33.216  37.989 0.0000000000
108400  15.725  33.122  37.433 0.0000000000
108401  14.593  33.347  37.697 0.0000000000
108402  8.051  33.507  38.507 0.0000000000
108412  16.482  33.577  37.423 0.0000000000
108413  15.907  33.679  37.095 0.0000000000
108414  9.058  33.246  37.342 0.0000000000
108415  8.589  33.865  37.840 0.0000000000
108422  9.961  33.043  36.369 0.0000000000
108423  9.584  33.583  36.798 0.0000000000
108431  10.408  33.345  35.789 0.0000000000
108780  56.365  33.508  -10.607 0.0000000000
108789  56.489  33.538  -11.623 0.0000000000
108808  44.809  33.670  -14.029 0.0000000000
108809  44.056  33.980  -13.519 0.0000000000
108816  46.077  33.635  -15.020 0.0000000000
108817  45.407  33.998  -14.605 0.0000000000
108822  47.189  33.551  -15.780 0.0000000000
108823  46.658  33.866  -15.487 0.0000000000
108829  49.750  33.528  -17.374 0.0000000000
108830  49.304  33.240  -17.212 0.0000000000
108831  48.273  33.500  -16.468 0.0000000000
108832  47.616  33.758  -16.117 0.0000000000
108836  52.927  33.500  -17.677 0.0000000000
108837  52.080  33.429  -18.079 0.0000000000
108838  51.092  33.386  -18.144 0.0000000000
108839  50.106  33.351  -17.690 0.0000000000
108840  49.754  33.110  -17.588 0.0000000000
108848  36.578  33.771  -19.724 0.0000000000
108854  37.028  33.581  -20.115 0.0000000000
108859  38.861  33.321  -21.931 0.0000000000
108860  38.536  33.727  -21.373 0.0000000000
108863  39.112  33.698  -22.616 0.0000000000
108864  35.806  34.490  -23.055 0.0000000000
108865  35.413  34.429  -22.987 0.0000000000
108866  34.602  34.245  -22.928 0.0000000000
108867  33.849  34.113  -22.945 0.0000000000
108869  39.028  34.178  -23.549 0.0000000000
108870  38.055  34.325  -23.794 0.0000000000
108871  37.049  34.181  -23.887 0.0000000000
108872  36.029  34.208  -23.361 0.0000000000
108873  35.105  33.848  -23.393 0.0000000000
108874  34.210  33.597  -23.492 0.0000000000
108875  33.259  33.793  -23.439 0.0000000000
108876  32.559  33.763  -23.730 0.0000000000
108879  38.487  33.887  -24.214 0.0000000000
108880  37.696  33.827  -24.289 0.0000000000
108881  37.188  33.773  -24.284 0.0000000000
109130  11.662  34.298  44.105 0.0000000000
109139  20.191  33.971  43.094 0.0000000000
109140  11.766  34.452  43.291 0.0000000000
109141  11.616  35.039  43.804 0.0000000000
109145  19.872  33.961  42.453 0.0000000000
109146  19.565  33.749  41.850 0.0000000000
109147  11.874  34.678  42.259 0.0000000000
109151  19.744  34.375  41.823 0.0000000000
109152  19.352  33.908  41.248 0.0000000000
109153  12.372  33.986  40.618 0.0000000000
109154  12.156  34.863  41.060 0.0000000000
109158  19.519  34.590  41.169 0.0000000000
109159  19.079  34.173  40.468 0.0000000000
109160  12.681  34.437  39.847 0.0000000000
109161  12.338  35.311  40.211 0.0000000000
109165  18.579  34.132  39.635 0.0000000000
109166  18.036  33.940  39.013 0.0000000000
109167  13.845  33.739  38.228 0.0000000000
109168  13.299  34.554  38.608 0.0000000000
109172  18.381  34.493  38.994 0.0000000000
109173  17.749  34.209  38.304 0.0000000000
109174  17.054  33.915  37.684 0.0000000000
109175  15.148  33.658  37.209 0.0000000000
109176  14.215  34.215  37.474 0.0000000000
109177  13.564  34.988  37.845 0.0000000000
109178  8.142  34.564  38.378 0.0000000000
109179  7.745  35.249  38.952 0.0000000000
109186  17.455  34.462  37.577 0.0000000000
109187  16.637  34.121  37.091 0.0000000000
109188  15.452  34.217  36.708 0.0000000000
109189  14.556  34.720  36.848 0.0000000000
109190  9.140  34.193  37.239 0.0000000000
109191  8.662  34.870  37.676 0.0000000000
109199  17.246  34.737  37.013 0.0000000000
109200  16.567  34.658  36.495 0.0000000000
109201  15.788  34.820  36.226 0.0000000000
109202  10.038  33.782  36.277 0.0000000000
109203  9.675  34.556  36.539 0.0000000000
109211  10.332  34.367  35.695 0.0000000000
109212  9.919  35.206  35.965 0.0000000000
109597  44.757  34.321  -14.031 0.0000000000
109598  44.105  34.700  -13.449 0.0000000000
109605  51.080  34.859  -15.705 0.0000000000
109606  50.586  34.760  -15.665 0.0000000000
109607  49.535  34.631  -15.578 0.0000000000
109608  48.433  34.634  -15.486 0.0000000000
109609  47.369  34.632  -15.384 0.0000000000
109610  46.334  34.317  -15.076 0.0000000000
109611  45.408  34.546  -14.408 0.0000000000
109617  52.537  34.721  -16.390 0.0000000000
109618  51.362  34.771  -16.141 0.0000000000
109619  50.219  34.498  -16.336 0.0000000000
109620  49.127  34.353  -16.230 0.0000000000
109621  48.089  34.343  -16.041 0.0000000000
109622  47.234  34.086  -15.791 0.0000000000
109623  46.718  34.114  -15.494 0.0000000000
109628  53.046  34.219  -17.067 0.0000000000
109629  51.966  34.422  -17.062 0.0000000000
109630  50.908  34.306  -17.048 0.0000000000
109631  49.857  33.916  -17.125 0.0000000000
109632  48.745  33.894  -16.565 0.0000000000
109633  47.877  33.966  -16.245 0.0000000000
109634  47.528  33.990  -16.097 0.0000000000
109638  52.330  33.946  -17.568 0.0000000000
109639  51.500  33.964  -17.668 0.0000000000
109640  50.597  33.822  -17.586 0.0000000000
109641  50.188  33.712  -17.489 0.0000000000
109649  36.725  34.252  -19.693 0.0000000000
109650  36.200  34.691  -19.305 0.0000000000
109653  37.992  34.216  -20.766 0.0000000000
109654  37.439  34.735  -20.198 0.0000000000
109657  38.856  34.046  -22.003 0.0000000000
109658  38.429  34.747  -21.649 0.0000000000
109659  34.786  35.283  -22.151 0.0000000000
109660  34.436  35.180  -22.106 0.0000000000
109661  33.764  34.994  -22.064 0.0000000000
109664  38.752  34.523  -22.602 0.0000000000
109665  38.045  35.298  -22.584 0.0000000000
109666  37.003  35.227  -22.787 0.0000000000
109667  36.008  34.863  -22.839 0.0000000000
109668  34.999  35.003  -22.414 0.0000000000
109669  34.123  34.631  -22.462 0.0000000000
109670  33.155  34.512  -22.570 0.0000000000
109675  38.351  34.711  -23.211 0.0000000000
109676  37.538  34.773  -23.277 0.0000000000
109677  36.640  34.639  -23.214 0.0000000000
109678  36.220  34.563  -23.131 0.0000000000
109679  32.604  34.126  -23.195 0.0000000000
109921  20.465  34.681  42.999 0.0000000000
109922  20.207  34.309  42.741 0.0000000000
109923  11.676  35.352  43.036 0.0000000000
109931  20.138  34.694  42.399 0.0000000000
109932  11.717  35.784  42.013 0.0000000000
109933  11.502  36.149  42.836 0.0000000000
109936  20.361  35.832  42.048 0.0000000000
109937  19.973  35.307  41.684 0.0000000000
109938  11.953  35.972  40.843 0.0000000000
109941  19.448  35.137  40.517 0.0000000000
109942  19.042  34.569  40.031 0.0000000000
109943  12.668  35.318  39.356 0.0000000000
109944  12.246  36.039  39.855 0.0000000000
109948  19.364  35.663  39.558 0.0000000000
109949  18.904  34.886  39.544 0.0000000000
109950  12.969  35.634  38.414 0.0000000000
109951  12.515  36.010  39.105 0.0000000000
109956  19.336  35.996  38.919 0.0000000000
109957  18.637  35.308  38.460 0.0000000000
109958  17.961  34.767  37.949 0.0000000000
109959  13.997  34.996  37.246 0.0000000000
109960  13.502  35.651  37.484 0.0000000000
109961  8.170  35.690  38.134 0.0000000000
109962  7.764  36.096  38.779 0.0000000000
109965  18.503  35.634  37.665 0.0000000000
109966  17.945  35.147  37.464 0.0000000000
109967  15.057  34.880  36.389 0.0000000000
109968  14.274  35.509  36.572 0.0000000000
109969  13.584  36.239  37.022 0.0000000000
109970  9.125  35.036  37.068 0.0000000000
109971  8.684  35.860  37.253 0.0000000000
109978  18.271  35.741  37.061 0.0000000000
109979  17.508  35.432  36.483 0.0000000000
109980  16.495  35.228  35.947 0.0000000000
109981  15.407  35.416  35.836 0.0000000000
109982  14.694  36.145  35.824 0.0000000000
109983  9.325  35.666  36.487 0.0000000000
109984  8.842  36.384  36.654 0.0000000000
109992  17.141  35.767  35.764 0.0000000000
109993  16.394  35.858  35.406 0.0000000000
109995  14.953  36.637  35.409 0.0000000000
109997  9.742  36.019  35.693 0.0000000000
110355  49.737  35.517  -11.119 0.0000000000
110356  48.576  35.465  -11.118 0.0000000000
110357  47.481  35.505  -11.181 0.0000000000
110358  46.796  35.575  -11.244 0.0000000000
110367  56.131  35.865  -12.406 0.0000000000
110368  55.134  35.862  -12.385 0.0000000000
110369  53.939  35.744  -12.101 0.0000000000
110372  50.391  35.358  -12.090 0.0000000000
110373  49.216  35.279  -12.050 0.0000000000
110374  48.049  35.312  -12.048 0.0000000000
110375  46.869  35.499  -12.011 0.0000000000
110376  45.751  35.656  -12.213 0.0000000000
110377  44.693  35.669  -12.249 0.0000000000
110386  55.630  35.598  -13.259 0.0000000000
110387  54.584  35.667  -13.247 0.0000000000
110391  49.881  35.145  -13.026 0.0000000000
110392  48.694  35.122  -12.984 0.0000000000
110393  47.532  35.253  -12.986 0.0000000000
110394  46.408  35.431  -13.045 0.0000000000
110395  45.303  35.464  -13.113 0.0000000000
110405  52.932  35.439  -14.144 0.0000000000
110406  51.774  35.188  -14.120 0.0000000000
110407  50.570  35.033  -14.049 0.0000000000
110408  49.365  34.959  -13.933 0.0000000000
110409  48.192  34.990  -13.884 0.0000000000
110410  47.074  35.158  -13.890 0.0000000000
110411  46.001  35.207  -13.886 0.0000000000
110412  44.969  34.968  -13.882 0.0000000000
110413  44.377  34.992  -13.511 0.0000000000
110420  52.461  35.170  -15.027 0.0000000000
110421  51.284  34.966  -15.246 0.0000000000
110422  50.034  34.813  -14.877 0.0000000000
110423  48.868  34.808  -14.762 0.0000000000
110424  47.745  34.869  -14.703 0.0000000000
110425  46.674  34.928  -14.639 0.0000000000
110426  45.749  34.843  -14.429 0.0000000000
110427  45.352  34.794  -14.271 0.0000000000
110431  53.052  35.007  -15.740 0.0000000000
110432  52.064  34.953  -15.740 0.0000000000
110433  51.580  34.921  -15.731 0.0000000000
110443  35.659  35.206  -18.905 0.0000000000
110447  36.900  35.262  -19.763 0.0000000000
110448  36.328  35.754  -19.365 0.0000000000
110450  37.919  35.111  -20.911 0.0000000000
110451  37.325  35.796  -20.629 0.0000000000
110454  37.876  35.738  -21.589 0.0000000000
110455  36.922  36.274  -21.589 0.0000000000
110456  35.914  36.161  -21.873 0.0000000000
110457  34.968  35.677  -21.938 0.0000000000
110458  34.051  35.584  -21.701 0.0000000000
110459  33.114  35.315  -21.747 0.0000000000
110465  37.291  35.733  -22.215 0.0000000000
110466  36.455  35.696  -22.318 0.0000000000
110467  35.574  35.484  -22.280 0.0000000000
110468  35.168  35.388  -22.209 0.0000000000
110691  10.252  36.796  44.244 0.0000000000
110692  9.866  36.609  44.510 0.0000000000
110698  10.548  37.134  43.691 0.0000000000
110699  9.980  37.286  44.082 0.0000000000
110700  9.356  37.200  44.208 0.0000000000
110701  8.656  36.925  44.217 0.0000000000
110708  11.469  36.604  42.323 0.0000000000
110709  11.176  37.020  42.846 0.0000000000
110715  19.917  35.747  41.075 0.0000000000
110716  11.548  37.011  41.509 0.0000000000
110717  11.332  37.113  42.194 0.0000000000
110720  20.428  36.912  40.299 0.0000000000
110721  19.905  36.085  40.426 0.0000000000
110722  11.892  36.951  40.314 0.0000000000
110725  20.372  37.177  39.715 0.0000000000
110726  19.900  36.616  39.432 0.0000000000
110727  12.605  36.380  38.642 0.0000000000
110728  12.274  36.791  39.235 0.0000000000
110732  19.382  36.458  38.210 0.0000000000
110733  18.845  35.871  37.930 0.0000000000
110734  12.881  36.698  37.850 0.0000000000
110735  12.502  36.840  38.562 0.0000000000
110736  8.257  36.434  37.647 0.0000000000
110741  19.149  36.848  37.148 0.0000000000
110742  18.787  36.157  37.394 0.0000000000
110743  14.009  36.463  36.378 0.0000000000
110744  13.451  36.987  36.884 0.0000000000
110752  18.925  36.938  36.726 0.0000000000
110753  18.417  36.533  36.396 0.0000000000
110754  17.654  36.054  35.969 0.0000000000
110755  14.373  36.931  35.761 0.0000000000
110756  13.852  37.086  36.252 0.0000000000
110757  9.153  36.533  36.086 0.0000000000
110758  8.694  36.938  36.390 0.0000000000
110767  18.159  36.999  35.694 0.0000000000
110774  8.839  37.172  35.870 0.0000000000
110894  9.931  36.551  23.023 0.0000000000
110895  9.168  36.986  23.054 0.0000000000
110908  11.157  36.874  22.176 0.0000000000
111129  49.856  36.946  -7.495 0.0000000000
111130  49.217  37.095  -7.456 0.0000000000
111144  50.289  36.434  -8.339 0.0000000000
111145  48.974  36.623  -8.115 0.0000000000
111146  47.672  36.451  -8.417 0.0000000000
111147  46.531  36.352  -8.588 0.0000000000
111148  45.454  36.336  -8.754 0.0000000000
111164  55.582  36.431  -9.828 0.0000000000
111165  54.437  36.295  -9.751 0.0000000000
111169  49.649  36.008  -9.179 0.0000000000
111170  48.417  35.971  -9.200 0.0000000000
111171  47.218  35.893  -9.356 0.0000000000
111172  46.081  35.922  -9.525 0.0000000000
111173  45.021  35.998  -9.666 0.0000000000
111185  56.121  36.343  -10.762 0.0000000000
111186  55.067  36.210  -10.720 0.0000000000
111187  53.858  36.018  -10.795 0.0000000000
111190  50.280  35.707  -10.178 0.0000000000
111191  49.092  35.660  -10.148 0.0000000000
111192  47.914  35.648  -10.229 0.0000000000
111193  46.737  35.664  -10.468 0.0000000000
111194  45.608  35.784  -10.494 0.0000000000
111195  44.599  35.877  -10.586 0.0000000000
111204  55.648  36.131  -11.598 0.0000000000
111205  54.738  35.994  -11.529 0.0000000000
111206  46.141  35.668  -11.312 0.0000000000
111207  45.152  35.788  -11.396 0.0000000000
111225  33.138  36.714  -16.313 0.0000000000
111228  34.130  36.718  -17.356 0.0000000000
111230  35.765  36.252  -18.967 0.0000000000
111231  35.226  36.768  -18.521 0.0000000000
111234  36.791  36.133  -19.980 0.0000000000
111235  36.245  36.807  -19.742 0.0000000000
111237  36.766  36.738  -20.651 0.0000000000
111238  35.869  37.272  -20.694 0.0000000000
111239  34.901  37.189  -20.954 0.0000000000
111240  34.033  36.942  -20.858 0.0000000000
111241  33.158  36.751  -20.755 0.0000000000
111242  32.276  36.679  -20.761 0.0000000000
111243  31.513  36.658  -20.906 0.0000000000
111245  36.198  36.710  -21.292 0.0000000000
111246  35.385  36.628  -21.404 0.0000000000
111247  34.483  36.359  -21.334 0.0000000000
111248  33.582  36.133  -21.223 0.0000000000
111249  32.676  36.018  -21.198 0.0000000000
111252  30.161  36.516  -21.965 0.0000000000
111473  10.362  37.858  43.385 0.0000000000
111474  10.124  37.822  43.678 0.0000000000
111475  9.573  37.995  43.748 0.0000000000
111476  8.790  37.839  43.728 0.0000000000
111481  10.630  38.175  42.787 0.0000000000
111482  10.190  38.320  43.278 0.0000000000
111483  9.919  38.225  43.517 0.0000000000
111491  11.344  37.769  41.423 0.0000000000
111492  11.111  37.844  41.932 0.0000000000
111498  11.495  38.103  40.772 0.0000000000
111499  11.270  38.120  41.391 0.0000000000
111505  20.316  37.270  39.417 0.0000000000
111506  11.944  37.849  39.597 0.0000000000
111511  20.160  37.367  38.814 0.0000000000
111512  12.647  37.444  37.932 0.0000000000
111513  12.405  37.546  38.524 0.0000000000
111518  20.428  38.441  37.879 0.0000000000
111519  19.902  37.745  37.657 0.0000000000
111520  12.870  37.789  37.382 0.0000000000
111521  12.577  37.774  37.986 0.0000000000
111527  19.177  37.463  36.644 0.0000000000
111528  18.616  37.507  35.863 0.0000000000
111529  13.974  37.422  35.884 0.0000000000
111530  13.517  37.684  36.345 0.0000000000
111545  13.863  37.759  35.805 0.0000000000
111676  8.495  37.110  23.476 0.0000000000
111677  7.921  37.897  23.703 0.0000000000
111694  10.543  36.957  22.461 0.0000000000
111695  9.824  37.423  22.504 0.0000000000
111696  8.801  37.732  22.850 0.0000000000
111697  8.273  38.396  23.014 0.0000000000
111716  10.894  37.637  21.847 0.0000000000
111717  10.083  38.100  22.004 0.0000000000
111740  11.247  38.303  21.160 0.0000000000
112001  50.016  38.093  -6.367 0.0000000000
112002  49.466  38.168  -6.498 0.0000000000
112017  50.443  37.348  -6.806 0.0000000000
112018  49.318  37.670  -6.894 0.0000000000
112019  48.294  37.819  -7.102 0.0000000000
112038  48.749  37.238  -7.413 0.0000000000
112039  47.980  37.120  -7.647 0.0000000000
112069  32.653  37.137  -15.927 0.0000000000
112072  33.615  37.075  -16.856 0.0000000000
112073  33.117  37.912  -16.541 0.0000000000
112074  32.548  38.630  -16.244 0.0000000000
112076  34.652  37.310  -18.044 0.0000000000
112077  33.991  37.864  -17.443 0.0000000000
112078  33.558  38.691  -17.270 0.0000000000
112080  35.710  37.138  -19.127 0.0000000000
112081  35.166  37.829  -18.912 0.0000000000
112084  35.723  37.734  -19.779 0.0000000000
112085  34.862  38.146  -19.848 0.0000000000
112086  34.101  38.130  -20.059 0.0000000000
112087  33.326  38.092  -19.970 0.0000000000
112088  32.506  38.027  -19.938 0.0000000000
112090  35.190  37.695  -20.398 0.0000000000
112091  34.455  37.678  -20.487 0.0000000000
112092  33.636  37.511  -20.422 0.0000000000
112093  32.778  37.399  -20.346 0.0000000000
112094  31.817  37.423  -20.368 0.0000000000
112095  30.904  37.139  -20.768 0.0000000000
112096  30.186  37.477  -20.952 0.0000000000
112098  30.333  36.908  -21.394 0.0000000000
112099  29.626  37.277  -21.776 0.0000000000
112310  9.377  38.440  43.505 0.0000000000
112311  9.188  38.265  43.621 0.0000000000
112312  10.667  39.309  42.337 0.0000000000
112313  10.255  39.020  42.816 0.0000000000
112314  9.704  38.754  43.232 0.0000000000
112315  8.973  38.722  43.308 0.0000000000
112321  11.026  38.974  41.931 0.0000000000
112328  11.527  39.346  40.758 0.0000000000
112329  11.270  38.736  41.370 0.0000000000
112335  11.785  39.028  39.887 0.0000000000
112341  12.199  38.670  38.932 0.0000000000
112346  20.337  38.824  37.398 0.0000000000
112347  12.614  38.892  37.502 0.0000000000
112348  12.474  38.315  38.104 0.0000000000
112353  19.765  38.471  36.775 0.0000000000
112354  19.220  38.348  36.076 0.0000000000
112355  13.133  38.586  36.551 0.0000000000
112365  13.700  38.267  35.747 0.0000000000
112493  8.013  38.760  23.556 0.0000000000
112494  8.245  39.416  23.783 0.0000000000
112502  9.429  38.114  22.296 0.0000000000
112503  8.846  38.661  22.394 0.0000000000
112504  8.352  39.198  22.959 0.0000000000
112505  8.535  39.698  23.207 0.0000000000
112513  10.544  38.517  21.459 0.0000000000
112514  9.687  38.805  21.786 0.0000000000
112515  9.101  39.278  21.902 0.0000000000
112525  11.016  38.989  20.836 0.0000000000
112779  49.380  38.789  -6.333 0.0000000000
112780  48.492  39.143  -6.545 0.0000000000
112781  48.007  39.364  -6.642 0.0000000000
112792  49.207  38.228  -6.563 0.0000000000
112793  48.726  38.387  -6.684 0.0000000000
112794  47.731  38.780  -6.841 0.0000000000
112828  32.961  39.218  -16.826 0.0000000000
112831  34.461  38.273  -18.392 0.0000000000
112832  33.984  38.867  -18.008 0.0000000000
112833  33.446  39.433  -17.739 0.0000000000
112835  34.548  38.482  -19.237 0.0000000000
112836  34.003  38.886  -18.911 0.0000000000
112837  33.489  39.337  -18.613 0.0000000000
112840  34.375  38.383  -19.702 0.0000000000
112841  33.917  38.562  -19.601 0.0000000000
112842  33.028  38.838  -19.396 0.0000000000
112843  31.609  38.470  -19.747 0.0000000000
112844  30.404  38.803  -19.891 0.0000000000
112845  29.778  39.023  -20.191 0.0000000000
112847  31.224  37.718  -20.269 0.0000000000
112848  30.628  37.942  -20.325 0.0000000000
112849  29.673  38.325  -20.740 0.0000000000
113037  8.676  39.454  42.876 0.0000000000
113046  11.603  40.040  40.853 0.0000000000
113054  11.783  40.027  40.267 0.0000000000
113060  12.186  40.340  38.453 0.0000000000
113061  12.135  39.991  39.102 0.0000000000
113067  12.331  39.874  37.916 0.0000000000
113068  12.339  39.169  38.312 0.0000000000
113073  19.685  38.933  36.289 0.0000000000
113074  12.757  39.584  36.802 0.0000000000
113079  19.464  39.411  35.756 0.0000000000
113081  13.460  39.332  35.571 0.0000000000
113195  8.662  39.920  23.471 0.0000000000
113202  8.734  39.451  22.343 0.0000000000
113203  8.743  39.886  22.732 0.0000000000
113204  8.732  39.959  23.091 0.0000000000
113212  10.308  39.310  21.158 0.0000000000
113213  9.563  39.760  21.318 0.0000000000
113214  8.933  39.860  21.868 0.0000000000
113215  8.760  39.907  22.301 0.0000000000
113223  10.822  39.911  20.570 0.0000000000
113224  10.145  39.861  20.931 0.0000000000
113234  11.426  39.945  20.147 0.0000000000
113502  32.743  39.895  -16.967 0.0000000000
113505  32.874  39.925  -17.572 0.0000000000
113506  32.429  40.374  -17.231 0.0000000000
113508  32.916  39.732  -18.393 0.0000000000
113509  32.078  40.305  -18.284 0.0000000000
113510  31.296  40.407  -18.569 0.0000000000
113513  32.963  39.403  -18.902 0.0000000000
113514  32.295  39.459  -19.018 0.0000000000
113515  31.059  39.772  -19.125 0.0000000000
113516  29.924  39.590  -19.693 0.0000000000
113688  11.578  41.114  41.254 0.0000000000
113698  11.672  40.699  40.951 0.0000000000
113709  11.871  40.812  39.987 0.0000000000
113715  12.145  40.774  38.705 0.0000000000
113716  12.033  40.936  39.303 0.0000000000
113722  12.181  40.620  38.045 0.0000000000
113727  12.389  40.444  37.202 0.0000000000
113734  12.816  40.413  36.132 0.0000000000
113839  8.802  40.171  24.125 0.0000000000
113845  8.960  40.535  23.928 0.0000000000
113846  8.882  40.334  23.615 0.0000000000
113853  8.891  40.200  22.654 0.0000000000
113854  8.882  40.333  22.966 0.0000000000
113859  9.508  40.214  21.098 0.0000000000
113860  9.155  40.401  21.341 0.0000000000
113861  8.799  40.422  22.268 0.0000000000
113862  8.886  40.795  22.641 0.0000000000
113868  10.694  40.609  20.400 0.0000000000
113869  9.919  40.517  20.790 0.0000000000
113870  9.230  41.058  20.949 0.0000000000
113880  11.423  40.662  19.970 0.0000000000
114138  31.333  41.251  -17.145 0.0000000000
114140  31.841  40.768  -17.519 0.0000000000
114141  31.167  40.953  -18.103 0.0000000000
114142  30.466  41.042  -18.501 0.0000000000
114145  30.810  40.555  -18.685 0.0000000000
114146  30.032  40.612  -19.116 0.0000000000
114347  11.683  41.341  41.021 0.0000000000
114348  11.504  41.562  41.325 0.0000000000
114355  11.766  41.522  40.547 0.0000000000
114356  11.677  41.648  40.949 0.0000000000
114364  11.903  41.497  39.756 0.0000000000
114371  12.122  41.138  38.301 0.0000000000
114372  12.037  41.489  38.926 0.0000000000
114378  12.203  41.119  37.610 0.0000000000
114379  12.101  41.689  38.095 0.0000000000
114384  12.375  41.140  36.715 0.0000000000
114385  12.165  41.750  37.168 0.0000000000
114391  12.566  41.544  35.663 0.0000000000
114392  12.278  41.713  36.468 0.0000000000
114497  9.059  40.817  24.038 0.0000000000
114503  9.257  41.611  23.647 0.0000000000
114504  9.036  41.099  23.490 0.0000000000
114505  9.013  40.648  23.249 0.0000000000
114512  8.774  41.339  22.850 0.0000000000
114513  8.946  40.876  22.980 0.0000000000
114518  8.706  41.072  21.492 0.0000000000
114519  8.559  41.258  22.265 0.0000000000
114520  8.839  41.062  22.699 0.0000000000
114524  10.595  41.355  20.316 0.0000000000
114525  9.759  41.554  20.666 0.0000000000
114526  9.010  41.736  20.957 0.0000000000
114527  8.508  41.667  21.454 0.0000000000
114535  11.331  41.689  19.844 0.0000000000
114794  30.664  41.635  -17.659 0.0000000000
114795  30.247  42.343  -17.365 0.0000000000
114803  47.364  42.106  -19.211 0.0000000000
114804  30.535  41.359  -18.190 0.0000000000
114805  29.813  41.793  -18.474 0.0000000000
114816  29.513  41.217  -19.180 0.0000000000
114843  46.455  41.017  -28.301 0.0000000000
114844  45.389  40.707  -28.010 0.0000000000
114845  44.257  40.852  -28.072 0.0000000000
114846  43.237  41.251  -28.296 0.0000000000
114883  37.946  41.522  -31.521 0.0000000000
114922  32.883  41.784  -34.291 0.0000000000
114947  34.597  41.186  -34.798 0.0000000000
114948  33.535  41.366  -34.765 0.0000000000
114970  35.090  40.648  -35.438 0.0000000000
114971  34.059  40.718  -35.403 0.0000000000
114972  33.016  40.795  -35.398 0.0000000000
114973  32.504  40.767  -35.367 0.0000000000
115064  11.540  41.928  41.241 0.0000000000
115069  11.747  41.890  40.556 0.0000000000
115070  11.671  42.079  40.886 0.0000000000
115079  11.815  42.034  40.236 0.0000000000
115089  11.904  42.105  39.497 0.0000000000
115096  11.938  42.259  38.686 0.0000000000
115102  11.947  42.432  37.692 0.0000000000
115108  12.378  42.170  35.648 0.0000000000
115203  9.812  42.002  24.105 0.0000000000
115207  10.143  42.963  23.688 0.0000000000
115208  9.559  42.348  23.484 0.0000000000
115209  9.154  41.729  23.412 0.0000000000
115215  9.033  42.679  22.584 0.0000000000
115216  8.927  41.881  23.083 0.0000000000
115223  8.706  42.674  21.817 0.0000000000
115224  8.535  42.000  22.472 0.0000000000
115229  10.207  42.066  20.450 0.0000000000
115230  9.656  42.481  20.708 0.0000000000
115231  8.807  42.326  21.184 0.0000000000
115232  8.337  41.995  21.774 0.0000000000
115242  10.776  42.359  20.100 0.0000000000
115243  10.238  42.499  20.416 0.0000000000
115383  10.804  42.543  5.528 0.0000000000
115384  9.856  42.844  5.620 0.0000000000
115385  8.836  42.865  5.978 0.0000000000
115554  47.008  42.234  -18.020 0.0000000000
115567  47.052  42.140  -18.833 0.0000000000
115569  29.681  42.944  -17.732 0.0000000000
115578  47.329  42.448  -19.399 0.0000000000
115611  45.235  42.357  -26.736 0.0000000000
115612  44.067  42.263  -26.528 0.0000000000
115613  42.960  42.399  -26.715 0.0000000000
115614  41.962  42.719  -26.950 0.0000000000
115615  41.442  42.976  -27.085 0.0000000000
115620  46.828  41.997  -27.785 0.0000000000
115621  45.878  41.567  -27.435 0.0000000000
115622  44.764  41.460  -27.262 0.0000000000
115623  43.630  41.636  -27.399 0.0000000000
115624  42.488  41.935  -27.812 0.0000000000
115625  41.324  42.687  -27.732 0.0000000000
115626  40.679  42.898  -27.979 0.0000000000
115638  37.958  42.781  -29.248 0.0000000000
115639  36.837  42.899  -29.292 0.0000000000
115640  35.875  42.986  -29.305 0.0000000000
115641  35.371  43.017  -29.318 0.0000000000
115652  37.309  42.415  -30.084 0.0000000000
115653  36.260  42.730  -30.029 0.0000000000
115654  35.295  42.889  -29.836 0.0000000000
115655  34.768  42.906  -30.020 0.0000000000
115665  38.370  41.758  -30.771 0.0000000000
115666  37.725  41.839  -31.013 0.0000000000
115667  36.618  42.328  -30.914 0.0000000000
115668  35.585  42.637  -30.718 0.0000000000
115669  34.860  42.804  -30.485 0.0000000000
115679  37.629  41.619  -31.659 0.0000000000
115680  36.971  41.819  -31.945 0.0000000000
115681  35.833  42.397  -31.729 0.0000000000
115682  34.650  42.754  -31.404 0.0000000000
115683  33.494  42.916  -31.605 0.0000000000
115684  32.506  42.974  -31.567 0.0000000000
115696  35.001  42.402  -32.615 0.0000000000
115713  35.289  41.780  -33.688 0.0000000000
115714  34.197  42.214  -33.460 0.0000000000
115715  33.032  42.339  -33.467 0.0000000000
115733  34.956  41.449  -34.317 0.0000000000
115734  34.359  41.691  -34.200 0.0000000000
115735  33.595  41.928  -34.064 0.0000000000
115972  10.591  43.693  23.766 0.0000000000
115973  9.999  43.328  23.291 0.0000000000
115978  10.180  44.119  22.995 0.0000000000
115979  9.591  43.558  22.637 0.0000000000
115988  9.228  43.424  21.831 0.0000000000
115997  9.755  43.442  20.616 0.0000000000
115998  9.214  43.090  21.152 0.0000000000
116008  10.995  43.263  19.804 0.0000000000
116009  10.285  43.021  20.311 0.0000000000
116352  44.213  43.890  -17.167 0.0000000000
116396  42.317  43.914  -24.440 0.0000000000
116397  41.948  43.789  -24.591 0.0000000000
116398  30.281  44.201  -24.548 0.0000000000
116399  29.681  43.838  -24.345 0.0000000000
116402  43.879  43.938  -25.383 0.0000000000
116403  43.468  43.666  -25.273 0.0000000000
116404  42.601  43.583  -25.009 0.0000000000
116405  41.553  43.623  -25.259 0.0000000000
116406  40.764  43.857  -25.690 0.0000000000
116414  44.406  43.388  -25.948 0.0000000000
116415  43.310  42.975  -25.822 0.0000000000
116416  42.272  43.071  -26.005 0.0000000000
116417  41.244  43.339  -26.499 0.0000000000
116418  40.166  44.012  -26.470 0.0000000000
116419  39.493  44.324  -26.647 0.0000000000
116420  32.684  44.087  -26.915 0.0000000000
116428  46.181  42.462  -27.168 0.0000000000
116429  41.156  43.106  -27.194 0.0000000000
116430  40.513  43.313  -27.459 0.0000000000
116431  39.242  44.005  -27.412 0.0000000000
116432  37.889  43.964  -27.816 0.0000000000
116433  36.748  43.820  -27.924 0.0000000000
116434  35.689  43.690  -27.958 0.0000000000
116435  34.680  43.687  -27.948 0.0000000000
116436  33.761  43.753  -27.865 0.0000000000
116437  32.924  43.830  -27.723 0.0000000000
116446  40.358  42.994  -28.074 0.0000000000
116447  39.737  43.185  -28.204 0.0000000000
116449  37.375  43.342  -28.553 0.0000000000
116450  36.285  43.268  -28.611 0.0000000000
116451  35.206  43.214  -28.810 0.0000000000
116452  34.163  43.466  -28.674 0.0000000000
116453  33.234  43.643  -28.536 0.0000000000
116462  35.099  43.025  -29.361 0.0000000000
116463  34.532  43.124  -29.553 0.0000000000
116464  33.548  43.448  -29.371 0.0000000000
116465  32.625  43.613  -29.229 0.0000000000
116476  34.402  42.976  -30.288 0.0000000000
116477  33.765  43.219  -30.159 0.0000000000
116478  32.898  43.466  -30.072 0.0000000000
116486  34.478  42.873  -30.742 0.0000000000
116487  34.003  43.023  -30.840 0.0000000000
116488  33.161  43.214  -30.853 0.0000000000
116742  11.112  44.619  24.004 0.0000000000
116743  10.653  44.718  23.347 0.0000000000
116751  10.232  44.916  22.822 0.0000000000
116752  9.800  44.614  22.445 0.0000000000
116761  9.473  44.378  21.843 0.0000000000
116769  9.716  43.864  20.468 0.0000000000
116770  9.286  44.159  20.834 0.0000000000
116779  11.233  44.022  19.439 0.0000000000
116780  10.165  44.026  20.002 0.0000000000
116781  9.556  44.892  20.083 0.0000000000
116790  11.353  44.598  19.049 0.0000000000
117133  41.208  44.322  -13.758 0.0000000000
117134  40.321  44.822  -13.599 0.0000000000
117153  41.268  44.804  -14.411 0.0000000000
117154  40.533  45.193  -14.103 0.0000000000
117182  44.179  44.678  -17.342 0.0000000000
117227  30.456  44.982  -23.955 0.0000000000
117228  29.867  44.723  -23.646 0.0000000000
117231  43.115  44.529  -24.548 0.0000000000
117232  42.762  44.304  -24.407 0.0000000000
117233  41.879  44.246  -24.043 0.0000000000
117234  40.979  44.281  -23.970 0.0000000000
117235  40.255  44.532  -24.139 0.0000000000
117237  30.795  44.727  -24.475 0.0000000000
117238  30.156  44.371  -24.255 0.0000000000
117240  44.189  44.409  -25.513 0.0000000000
117241  43.441  44.364  -24.897 0.0000000000
117242  43.114  43.904  -24.792 0.0000000000
117243  41.399  43.942  -24.483 0.0000000000
117244  40.668  44.122  -24.805 0.0000000000
117245  39.628  44.708  -24.804 0.0000000000
117246  38.980  45.046  -25.417 0.0000000000
117247  33.169  45.072  -25.688 0.0000000000
117248  32.591  44.779  -25.641 0.0000000000
117255  40.149  44.256  -25.530 0.0000000000
117256  39.442  44.581  -25.961 0.0000000000
117257  38.517  45.045  -26.186 0.0000000000
117258  37.518  45.102  -26.628 0.0000000000
117259  36.496  45.009  -26.822 0.0000000000
117260  35.484  44.866  -26.843 0.0000000000
117261  34.524  44.723  -26.739 0.0000000000
117262  33.438  44.638  -26.359 0.0000000000
117269  39.016  44.558  -26.681 0.0000000000
117270  38.236  44.567  -27.045 0.0000000000
117271  37.164  44.483  -27.299 0.0000000000
117272  36.111  44.333  -27.366 0.0000000000
117273  35.105  44.230  -27.351 0.0000000000
117274  34.158  44.136  -27.218 0.0000000000
117275  33.397  44.062  -27.205 0.0000000000
117541  11.056  45.445  23.676 0.0000000000
117552  9.449  45.133  22.052 0.0000000000
117560  9.030  45.366  21.412 0.0000000000
117568  9.011  45.355  20.488 0.0000000000
117577  10.801  44.656  19.378 0.0000000000
117578  10.131  45.139  19.482 0.0000000000
117594  10.994  45.373  18.742 0.0000000000
117925  39.992  45.285  -13.763 0.0000000000
117926  39.371  45.705  -13.539 0.0000000000
117932  40.980  45.505  -14.501 0.0000000000
117933  40.204  45.788  -14.110 0.0000000000
117934  39.695  46.224  -13.965 0.0000000000
117940  41.445  45.937  -14.964 0.0000000000
117999  40.772  45.499  -23.151 0.0000000000
118000  39.870  45.395  -23.052 0.0000000000
118001  39.024  45.512  -23.228 0.0000000000
118004  30.723  45.497  -23.733 0.0000000000
118005  30.165  45.288  -23.447 0.0000000000
118008  43.093  44.997  -24.478 0.0000000000
118009  42.226  45.309  -23.790 0.0000000000
118010  41.336  44.882  -23.522 0.0000000000
118011  40.454  44.819  -23.494 0.0000000000
118012  39.588  44.975  -23.794 0.0000000000
118013  38.809  45.314  -23.892 0.0000000000
118017  31.766  45.388  -24.497 0.0000000000
118018  31.093  45.202  -24.239 0.0000000000
118022  43.744  45.347  -25.140 0.0000000000
118023  39.189  45.045  -24.271 0.0000000000
118024  38.719  45.280  -24.687 0.0000000000
118030  32.756  45.283  -25.255 0.0000000000
118036  38.386  45.365  -25.429 0.0000000000
118040  34.847  45.321  -26.269 0.0000000000
118041  34.163  45.088  -26.239 0.0000000000
118649  39.161  46.504  -13.775 0.0000000000
118657  40.765  46.178  -14.562 0.0000000000
118658  40.112  46.589  -14.338 0.0000000000
118659  39.631  46.605  -14.071 0.0000000000
118666  41.157  46.648  -14.946 0.0000000000
118667  40.618  46.656  -14.630 0.0000000000
118720  39.470  46.895  -22.556 0.0000000000
118721  38.596  46.733  -22.393 0.0000000000
118731  41.141  46.410  -23.209 0.0000000000
118732  40.154  46.201  -22.824 0.0000000000
118733  39.251  46.043  -22.672 0.0000000000
119371  39.150  46.865  -13.934 0.0000000000
119372  38.745  46.986  -13.778 0.0000000000
119382  40.021  46.974  -14.436 0.0000000000
119383  39.533  47.124  -14.253 0.0000000000
119384  38.852  47.463  -14.089 0.0000000000
119392  40.397  47.209  -14.745 0.0000000000
119393  39.868  47.449  -14.605 0.0000000000
119457  39.587  47.772  -22.679 0.0000000000
119458  38.846  47.610  -22.349 0.0000000000
119469  40.972  47.597  -23.363 0.0000000000
119470  40.263  47.178  -22.892 0.0000000000
120149  39.144  47.668  -14.357 0.0000000000
120150  38.506  48.056  -14.279 0.0000000000
120163  41.430  47.815  -15.596 0.0000000000
120164  40.892  47.995  -15.409 0.0000000000
120165  39.665  48.013  -14.814 0.0000000000
120249  39.634  48.230  -22.760 0.0000000000
120261  40.118  48.282  -23.033 0.0000000000
120262  39.663  48.472  -22.798 0.0000000000
121411  11.133  51.000  12.783 0.0000000000
123380  32.725  54.589  16.071 0.0000000000
124052  35.418  54.537  15.851 0.0000000000
124082  41.248  54.550  12.666 0.0000000000
124094  41.038  54.772  11.442 0.0000000000
124095  40.196  55.031  11.065 0.0000000000
124096  39.225  55.121  10.978 0.0000000000
124097  38.318  55.169  10.857 0.0000000000
124108  40.844  54.511  10.447 0.0000000000
124111  37.704  54.713  10.465 0.0000000000
124112  36.907  54.623  10.200 0.0000000000
124113  36.063  54.676  10.090 0.0000000000
124114  35.113  54.740  10.083 0.0000000000
124115  34.122  54.831  10.105 0.0000000000
124116  33.125  54.902  10.184 0.0000000000
124771  40.562  55.858  12.230 0.0000000000
124772  40.081  56.338  11.967 0.0000000000
124780  40.437  55.426  11.555 0.0000000000
124781  39.797  55.921  11.546 0.0000000000
124782  38.643  55.910  11.280 0.0000000000
124783  37.456  55.752  10.847 0.0000000000
124784  36.301  56.069  10.920 0.0000000000
124785  35.275  56.063  11.123 0.0000000000
124786  34.248  56.031  11.249 0.0000000000
124787  33.237  56.120  11.302 0.0000000000
124795  37.148  55.103  10.503 0.0000000000
124796  36.584  55.300  10.474 0.0000000000
124797  35.663  55.402  10.527 0.0000000000
124798  34.680  55.431  10.627 0.0000000000
124799  33.670  55.483  10.706 0.0000000000
124800  32.608  55.596  10.766 0.0000000000
124843  40.575  55.016  5.692 0.0000000000
124844  39.573  54.832  5.575 0.0000000000
124845  38.816  54.599  5.426 0.0000000000
125454  39.934  56.874  12.383 0.0000000000
125455  39.400  57.215  12.321 0.0000000000
125456  35.331  57.058  12.375 0.0000000000
125457  34.397  56.992  12.488 0.0000000000
125458  33.428  57.116  12.506 0.0000000000
125459  32.864  57.238  12.506 0.0000000000
125466  39.764  56.506  11.918 0.0000000000
125467  39.134  56.782  11.863 0.0000000000
125468  37.997  56.725  11.432 0.0000000000
125469  36.941  56.696  11.375 0.0000000000
125470  35.965  56.735  11.755 0.0000000000
125471  34.838  56.536  11.841 0.0000000000
125472  33.801  56.562  11.914 0.0000000000
125473  32.686  56.801  11.961 0.0000000000
125516  41.067  56.232  5.568 0.0000000000
126133  35.034  57.465  13.023 0.0000000000
126134  33.960  57.487  13.098 0.0000000000
126143  39.022  57.419  12.291 0.0000000000
126144  38.348  57.386  12.044 0.0000000000
126145  37.353  57.301  11.947 0.0000000000
126146  36.658  57.126  11.918 0.0000000000
128105  38.363  61.419  3.983 0.0000000000
128116  38.083  60.710  3.565 0.0000000000
128117  36.875  60.612  3.143 0.0000000000
128118  35.493  60.553  2.773 0.0000000000
128119  34.442  60.950  2.895 0.0000000000
128648  37.565  61.877  4.217 0.0000000000
128649  36.701  62.392  4.484 0.0000000000
128660  37.165  61.282  3.651 0.0000000000
128661  36.083  61.866  3.832 0.0000000000
128662  34.654  61.581  3.398 0.0000000000
128663  33.432  61.317  3.103 0.0000000000
128675  33.273  60.648  2.572 0.0000000000
128676  32.533  60.905  2.693 0.0000000000
129181  40.494  63.526  4.806 0.0000000000
129184  38.205  62.664  4.951 0.0000000000
129185  37.162  62.807  4.965 0.0000000000
129186  35.985  63.068  4.921 0.0000000000
129187  34.837  63.035  4.772 0.0000000000
129188  33.851  62.889  4.632 0.0000000000
129189  32.855  62.837  4.405 0.0000000000
129197  35.415  62.598  4.396 0.0000000000
129198  34.753  62.380  4.133 0.0000000000
129199  33.687  62.221  3.890 0.0000000000
129200  32.591  62.258  3.734 0.0000000000
129707  40.717  64.064  4.690 0.0000000000
129712  34.060  63.534  5.263 0.0000000000
129713  32.999  63.591  5.090 0.0000000000
129719  40.982  63.955  3.972 0.0000000000
129725  41.094  63.940  3.140 0.0000000000
129726  41.067  63.585  2.738 0.0000000000
129727  32.734  64.248  2.427 0.0000000000
129734  41.069  63.862  2.280 0.0000000000
129736  33.883  64.027  1.508 0.0000000000
129737  33.088  63.794  1.711 0.0000000000
129743  41.278  64.069  1.014 0.0000000000
129744  35.032  64.063  0.642 0.0000000000
129745  34.232  63.710  0.913 0.0000000000
129753  35.086  63.854  0.201 0.0000000000
129762  35.079  63.689  -0.228 0.0000000000
129763  34.856  63.511  -0.665 0.0000000000
129770  34.642  63.589  -1.470 0.0000000000
130241  41.043  64.678  4.390 0.0000000000
130242  40.807  64.988  5.158 0.0000000000
130243  32.871  64.652  5.371 0.0000000000
130248  41.221  64.801  3.663 0.0000000000
130254  41.341  64.876  2.739 0.0000000000
130255  34.754  65.251  2.561 0.0000000000
130256  34.235  65.169  2.636 0.0000000000
130257  32.913  64.862  3.133 0.0000000000
130264  35.639  65.108  1.861 0.0000000000
130265  35.100  65.043  2.133 0.0000000000
130266  33.945  64.485  1.993 0.0000000000
130267  33.148  64.365  2.301 0.0000000000
130274  35.744  64.940  1.501 0.0000000000
130275  35.026  64.402  1.212 0.0000000000
130276  34.273  64.146  1.408 0.0000000000
130285  35.996  64.777  0.772 0.0000000000
130286  35.700  64.404  0.243 0.0000000000
130295  35.512  64.184  -0.519 0.0000000000
130296  35.241  64.270  -1.269 0.0000000000
130304  34.813  64.405  -1.857 0.0000000000
130765  41.143  65.577  4.312 0.0000000000
130766  40.841  65.849  4.976 0.0000000000
130767  33.506  66.271  4.946 0.0000000000
130768  32.971  65.544  5.183 0.0000000000
130771  41.421  65.728  3.321 0.0000000000
130772  34.432  66.020  3.571 0.0000000000
130773  33.790  66.082  4.018 0.0000000000
130774  33.073  65.624  4.205 0.0000000000
130778  35.687  65.714  2.579 0.0000000000
130779  34.939  65.586  2.901 0.0000000000
130780  33.916  65.572  3.297 0.0000000000
130781  33.383  65.554  3.651 0.0000000000
130786  36.880  65.612  1.416 0.0000000000
130787  36.044  65.414  1.953 0.0000000000
130788  35.448  65.421  2.394 0.0000000000
130796  37.279  65.619  0.723 0.0000000000
130797  36.531  65.157  1.053 0.0000000000
130805  37.531  65.845  0.121 0.0000000000
130806  36.771  65.314  -0.122 0.0000000000
130807  36.076  64.728  -0.454 0.0000000000
130814  36.778  65.744  -0.846 0.0000000000
130815  36.036  65.316  -1.244 0.0000000000
130816  35.302  64.858  -1.638 0.0000000000
130825  35.678  66.034  -1.805 0.0000000000
130826  35.047  65.516  -2.074 0.0000000000
131352  40.938  66.270  4.558 0.0000000000
131353  40.514  66.497  5.043 0.0000000000
131354  34.976  66.879  4.367 0.0000000000
131355  34.242  66.654  4.647 0.0000000000
131359  41.151  66.567  3.913 0.0000000000
131360  40.824  66.687  4.470 0.0000000000
131361  36.019  66.678  3.327 0.0000000000
131362  35.151  66.392  3.608 0.0000000000
131363  34.481  66.431  4.039 0.0000000000
131368  37.225  66.495  2.307 0.0000000000
131369  36.325  66.159  2.587 0.0000000000
131370  35.636  66.085  3.021 0.0000000000
131376  38.449  66.676  1.193 0.0000000000
131377  37.592  66.099  1.457 0.0000000000
131378  36.833  65.932  1.944 0.0000000000
131386  38.572  66.926  0.300 0.0000000000
131387  37.991  66.178  0.521 0.0000000000
131395  38.511  67.257  -0.200 0.0000000000
131396  37.791  66.583  -0.414 0.0000000000
131397  37.123  66.007  -0.676 0.0000000000
131405  37.537  67.046  -0.923 0.0000000000
131406  36.950  66.569  -1.082 0.0000000000
131407  36.119  66.655  -1.635 0.0000000000
131416  35.415  66.721  -2.077 0.0000000000
131936  39.636  67.341  5.132 0.0000000000
131937  37.502  68.054  4.641 0.0000000000
131938  36.851  68.034  4.903 0.0000000000
131939  35.680  67.533  4.803 0.0000000000
131940  34.793  67.142  5.015 0.0000000000
131944  40.996  66.926  3.917 0.0000000000
131945  40.458  67.198  4.271 0.0000000000
131946  39.725  67.504  4.647 0.0000000000
131947  38.415  67.948  3.716 0.0000000000
131948  37.754  67.937  3.963 0.0000000000
131949  36.611  67.430  3.814 0.0000000000
131950  35.663  67.028  3.982 0.0000000000
131955  41.148  67.112  3.349 0.0000000000
131956  40.794  67.546  3.121 0.0000000000
131957  39.335  67.913  2.755 0.0000000000
131958  38.686  67.814  3.051 0.0000000000
131959  37.706  67.251  2.876 0.0000000000
131960  36.779  66.829  2.978 0.0000000000
131969  40.890  67.781  2.505 0.0000000000
131970  39.419  67.755  2.179 0.0000000000
131971  38.751  67.305  1.964 0.0000000000
131972  37.989  66.747  1.971 0.0000000000
131981  39.433  67.702  1.417 0.0000000000
131982  39.114  67.319  0.917 0.0000000000
131991  39.604  67.912  0.705 0.0000000000
131992  39.055  67.814  0.062 0.0000000000
131993  38.378  67.791  -0.543 0.0000000000
131994  37.920  68.073  -0.848 0.0000000000
132002  37.833  67.430  -0.806 0.0000000000
132003  37.363  67.727  -1.045 0.0000000000
132004  36.609  67.663  -1.415 0.0000000000
132016  35.876  67.709  -1.869 0.0000000000
132515  39.223  67.616  5.013 0.0000000000
132516  38.532  67.848  5.018 0.0000000000
132517  37.575  68.057  5.080 0.0000000000
132521  40.255  67.592  3.623 0.0000000000
132522  39.529  67.732  4.142 0.0000000000
132523  38.448  67.962  4.180 0.0000000000
132524  37.815  68.054  4.492 0.0000000000
132529  40.137  67.811  2.917 0.0000000000
132530  39.265  67.902  3.311 0.0000000000
132531  38.714  67.946  3.584 0.0000000000
132537  41.492  68.147  1.277 0.0000000000
132538  40.769  68.016  1.910 0.0000000000
132539  39.870  67.915  2.416 0.0000000000
132545  40.936  68.445  0.813 0.0000000000
132546  40.068  68.044  1.327 0.0000000000
132554  41.128  68.817  -0.156 0.0000000000
132555  39.988  68.669  -0.108 0.0000000000
132556  38.964  68.690  -0.555 0.0000000000
132557  38.263  68.727  -0.754 0.0000000000
132558  37.646  68.693  -0.934 0.0000000000
132565  41.149  68.983  -1.025 0.0000000000
132566  40.550  69.032  -0.791 0.0000000000
132567  37.007  68.636  -1.192 0.0000000000
132568  36.331  68.691  -1.578 0.0000000000
132575  40.990  68.676  -1.765 0.0000000000
132577  35.602  68.764  -2.030 0.0000000000
133063  37.954  69.500  -0.835 0.0000000000
133064  37.358  69.443  -1.029 0.0000000000
133068  40.448  69.257  -1.294 0.0000000000
133077  40.604  69.064  -1.466 0.0000000000
