#!ascii label  , from subject mni152 vox2ras=TkReg
347
39592  -58.552  -31.277  18.179 0.0000000000
39593  -59.009  -31.146  17.931 0.0000000000
39594  -59.398  -30.861  17.575 0.0000000000
39604  -57.716  -31.359  17.218 0.0000000000
39605  -58.401  -31.375  17.471 0.0000000000
39606  -59.145  -31.172  17.148 0.0000000000
39607  -59.615  -30.839  16.966 0.0000000000
39618  -57.988  -31.353  16.404 0.0000000000
39619  -58.838  -31.303  16.445 0.0000000000
39620  -59.468  -31.041  16.373 0.0000000000
39621  -59.860  -30.759  16.387 0.0000000000
39637  -56.964  -30.962  15.234 0.0000000000
39638  -57.782  -31.147  15.401 0.0000000000
39639  -58.561  -31.246  15.550 0.0000000000
39640  -59.296  -31.131  15.584 0.0000000000
39641  -60.028  -30.813  15.589 0.0000000000
39642  -60.467  -30.565  15.135 0.0000000000
39654  -55.492  -30.939  14.270 0.0000000000
39655  -56.486  -31.025  14.391 0.0000000000
39656  -57.421  -31.092  14.514 0.0000000000
39657  -58.276  -31.142  14.636 0.0000000000
39658  -59.045  -31.146  14.701 0.0000000000
39659  -59.738  -30.991  14.706 0.0000000000
39660  -60.351  -30.696  14.584 0.0000000000
39668  -54.984  -31.209  13.438 0.0000000000
39669  -55.991  -31.238  13.559 0.0000000000
39670  -56.980  -31.272  13.664 0.0000000000
39671  -57.921  -31.230  13.747 0.0000000000
39672  -58.769  -31.219  13.811 0.0000000000
39673  -59.529  -31.164  13.804 0.0000000000
39674  -60.139  -30.925  13.858 0.0000000000
39684  -57.510  -31.475  12.909 0.0000000000
39685  -58.446  -31.463  12.978 0.0000000000
39686  -59.265  -31.463  13.010 0.0000000000
40511  -56.591  -30.186  21.213 0.0000000000
40512  -56.865  -30.337  21.288 0.0000000000
40513  -57.491  -30.472  21.332 0.0000000000
40520  -56.566  -30.301  20.834 0.0000000000
40521  -57.137  -30.610  20.648 0.0000000000
40522  -58.025  -30.714  20.696 0.0000000000
40523  -58.668  -30.482  20.305 0.0000000000
40531  -55.876  -30.299  19.595 0.0000000000
40532  -56.432  -30.516  19.875 0.0000000000
40533  -57.444  -30.910  19.719 0.0000000000
40534  -58.359  -30.908  19.613 0.0000000000
40535  -59.141  -30.402  19.528 0.0000000000
40542  -55.149  -30.007  18.625 0.0000000000
40543  -55.738  -30.309  18.921 0.0000000000
40544  -56.800  -30.808  18.778 0.0000000000
40545  -57.919  -31.261  18.529 0.0000000000
40546  -58.793  -31.033  18.720 0.0000000000
40547  -59.518  -30.502  18.352 0.0000000000
40548  -60.054  -30.037  17.860 0.0000000000
40558  -54.930  -30.091  17.931 0.0000000000
40559  -56.043  -30.582  17.854 0.0000000000
40560  -57.124  -31.101  17.685 0.0000000000
40561  -57.808  -31.372  17.747 0.0000000000
40562  -59.800  -30.481  17.454 0.0000000000
40563  -60.269  -29.977  17.189 0.0000000000
40578  -55.245  -30.425  16.896 0.0000000000
40579  -56.323  -30.775  16.855 0.0000000000
40580  -57.181  -31.164  16.695 0.0000000000
40581  -60.029  -30.458  16.774 0.0000000000
40582  -60.474  -30.007  16.430 0.0000000000
40599  -54.525  -30.474  15.879 0.0000000000
40600  -55.630  -30.620  15.964 0.0000000000
40601  -56.601  -30.858  15.982 0.0000000000
40602  -57.323  -31.111  15.957 0.0000000000
40603  -60.210  -30.501  16.170 0.0000000000
40604  -60.579  -30.221  15.588 0.0000000000
40619  -55.006  -30.713  15.038 0.0000000000
40620  -56.041  -30.764  15.135 0.0000000000
40621  -60.738  -30.251  14.683 0.0000000000
40626  -60.929  -30.427  13.430 0.0000000000
40627  -61.486  -29.868  12.907 0.0000000000
41472  -56.344  -29.775  21.441 0.0000000000
41473  -57.185  -30.072  21.979 0.0000000000
41474  -58.215  -30.017  21.772 0.0000000000
41475  -58.788  -29.768  21.346 0.0000000000
41487  -56.008  -30.094  20.412 0.0000000000
41488  -58.579  -30.218  20.967 0.0000000000
41489  -59.111  -29.810  20.595 0.0000000000
41501  -54.594  -29.149  19.695 0.0000000000
41502  -55.441  -29.919  19.608 0.0000000000
41503  -55.928  -30.264  19.899 0.0000000000
41504  -59.550  -29.524  19.801 0.0000000000
41505  -59.871  -29.305  19.254 0.0000000000
41517  -54.622  -29.694  18.661 0.0000000000
41518  -55.252  -29.976  18.962 0.0000000000
41519  -59.634  -29.899  19.098 0.0000000000
41520  -60.068  -29.542  18.542 0.0000000000
41535  -60.441  -29.375  17.720 0.0000000000
41569  -60.984  -29.650  15.045 0.0000000000
41573  -61.129  -29.786  14.250 0.0000000000
42446  -59.846  -28.690  19.710 0.0000000000
42447  -60.154  -28.677  19.079 0.0000000000
42461  -60.447  -28.605  18.320 0.0000000000
43403  -59.950  -27.606  20.123 0.0000000000
43404  -60.255  -26.920  19.675 0.0000000000
43419  -60.039  -28.148  19.479 0.0000000000
43420  -60.260  -27.585  19.037 0.0000000000
44410  -60.224  -26.720  18.389 0.0000000000
44418  -56.412  -26.514  16.932 0.0000000000
45416  -59.999  -26.516  17.927 0.0000000000
45435  -60.326  -26.753  17.061 0.0000000000
103699  -44.253  27.871  -17.529 0.0000000000
103705  -44.768  27.980  -18.384 0.0000000000
103713  -45.476  28.029  -18.985 0.0000000000
104465  -44.399  28.859  -17.721 0.0000000000
104469  -44.987  28.919  -18.535 0.0000000000
105247  -44.647  29.806  -17.815 0.0000000000
105253  -45.373  29.875  -18.607 0.0000000000
105286  -35.424  30.599  -24.938 0.0000000000
106040  -40.566  31.112  -13.556 0.0000000000
106041  -41.351  30.841  -14.003 0.0000000000
106042  -42.068  30.544  -14.502 0.0000000000
106050  -41.713  31.173  -14.589 0.0000000000
106051  -42.398  30.830  -15.060 0.0000000000
106059  -43.076  30.730  -15.744 0.0000000000
106060  -43.662  30.680  -16.402 0.0000000000
106067  -44.280  30.668  -17.085 0.0000000000
106068  -44.917  30.722  -17.803 0.0000000000
106089  -30.528  30.713  -18.679 0.0000000000
106090  -30.928  30.710  -19.331 0.0000000000
106092  -31.374  30.737  -19.999 0.0000000000
106093  -32.022  30.809  -20.581 0.0000000000
106098  -32.790  30.953  -21.142 0.0000000000
106099  -33.622  31.194  -21.816 0.0000000000
106103  -34.562  31.538  -22.714 0.0000000000
106104  -35.180  31.320  -23.641 0.0000000000
106107  -35.422  31.317  -24.511 0.0000000000
106110  -34.587  31.683  -25.427 0.0000000000
106111  -35.076  31.468  -25.268 0.0000000000
106115  -31.656  30.507  -26.172 0.0000000000
106116  -33.111  30.766  -25.983 0.0000000000
106117  -34.429  31.107  -25.838 0.0000000000
106118  -35.140  30.867  -25.535 0.0000000000
106859  -40.648  31.741  -13.814 0.0000000000
106860  -41.213  31.784  -14.327 0.0000000000
106867  -41.805  31.799  -14.859 0.0000000000
106868  -42.553  31.738  -15.429 0.0000000000
106869  -43.166  32.054  -15.733 0.0000000000
106876  -43.233  31.390  -15.945 0.0000000000
106877  -43.876  31.648  -16.392 0.0000000000
106878  -44.605  31.883  -16.743 0.0000000000
106886  -44.574  31.330  -17.110 0.0000000000
106887  -45.275  31.698  -17.553 0.0000000000
106907  -30.673  31.624  -18.940 0.0000000000
106908  -31.186  31.643  -19.516 0.0000000000
106912  -31.792  31.699  -20.062 0.0000000000
106913  -32.527  31.810  -20.575 0.0000000000
106917  -33.348  32.026  -21.150 0.0000000000
106918  -34.178  32.417  -21.910 0.0000000000
106922  -34.855  33.071  -22.934 0.0000000000
106923  -35.171  32.246  -23.490 0.0000000000
106926  -34.841  32.932  -24.083 0.0000000000
106927  -35.291  32.119  -24.315 0.0000000000
106932  -31.605  31.963  -24.870 0.0000000000
106933  -32.933  32.225  -25.012 0.0000000000
106934  -34.417  32.303  -25.013 0.0000000000
106935  -35.221  31.907  -24.882 0.0000000000
106942  -30.938  31.274  -25.471 0.0000000000
106943  -32.327  31.350  -25.438 0.0000000000
106944  -33.601  31.621  -25.507 0.0000000000
106945  -34.286  31.709  -25.468 0.0000000000
107658  -40.299  32.565  -13.387 0.0000000000
107659  -40.918  32.893  -13.595 0.0000000000
107664  -40.904  32.341  -13.865 0.0000000000
107665  -41.486  32.678  -14.245 0.0000000000
107666  -42.161  32.986  -14.548 0.0000000000
107672  -42.087  32.427  -14.901 0.0000000000
107673  -42.766  32.710  -15.115 0.0000000000
107674  -43.713  32.569  -15.540 0.0000000000
107675  -44.596  32.742  -15.586 0.0000000000
107676  -45.365  32.900  -15.683 0.0000000000
107681  -44.335  32.276  -16.164 0.0000000000
107682  -45.109  32.425  -16.491 0.0000000000
107713  -30.960  32.524  -19.081 0.0000000000
107714  -31.614  32.546  -19.518 0.0000000000
107719  -32.314  32.629  -19.982 0.0000000000
107720  -33.075  32.814  -20.511 0.0000000000
107723  -33.745  33.161  -21.249 0.0000000000
107724  -34.316  33.620  -22.082 0.0000000000
107728  -34.451  34.073  -22.882 0.0000000000
107733  -31.447  33.306  -23.900 0.0000000000
107734  -32.655  33.674  -24.081 0.0000000000
107735  -34.028  33.925  -23.857 0.0000000000
107740  -30.882  32.485  -24.278 0.0000000000
107741  -32.177  32.761  -24.395 0.0000000000
107742  -33.427  33.030  -24.486 0.0000000000
107743  -34.209  33.067  -24.362 0.0000000000
108482  -42.034  33.255  -13.914 0.0000000000
108483  -42.814  33.363  -14.148 0.0000000000
108484  -43.787  33.420  -13.991 0.0000000000
108485  -44.716  33.401  -13.952 0.0000000000
108496  -43.413  33.104  -14.756 0.0000000000
108497  -44.181  33.110  -14.797 0.0000000000
108498  -45.075  33.202  -14.870 0.0000000000
108529  -30.742  33.379  -18.644 0.0000000000
108532  -31.393  33.399  -19.061 0.0000000000
108533  -32.082  33.463  -19.471 0.0000000000
108537  -32.760  33.628  -19.995 0.0000000000
108538  -33.414  33.906  -20.646 0.0000000000
108541  -33.900  34.275  -21.480 0.0000000000
108542  -34.126  34.569  -22.347 0.0000000000
108546  -33.970  34.640  -23.084 0.0000000000
108552  -30.769  33.804  -23.384 0.0000000000
108553  -31.918  34.159  -23.575 0.0000000000
108554  -32.949  34.446  -23.635 0.0000000000
108555  -33.513  34.672  -23.374 0.0000000000
109280  -31.133  34.273  -18.708 0.0000000000
109284  -31.780  34.331  -19.129 0.0000000000
109285  -32.400  34.454  -19.621 0.0000000000
109291  -33.003  34.680  -20.215 0.0000000000
109292  -33.516  34.984  -20.966 0.0000000000
109296  -33.710  35.308  -21.953 0.0000000000
109297  -33.747  35.105  -22.681 0.0000000000
109303  -30.795  35.441  -22.758 0.0000000000
109304  -31.937  35.585  -22.848 0.0000000000
109305  -33.072  35.581  -22.793 0.0000000000
109306  -33.502  35.023  -23.081 0.0000000000
109312  -31.312  34.740  -23.157 0.0000000000
109313  -32.386  34.933  -23.233 0.0000000000
109314  -33.142  34.940  -23.231 0.0000000000
109315  -33.392  34.891  -23.236 0.0000000000
110045  -30.867  35.176  -18.451 0.0000000000
110046  -31.471  35.225  -18.902 0.0000000000
110048  -32.033  35.304  -19.382 0.0000000000
110049  -32.558  35.421  -19.912 0.0000000000
110054  -33.010  35.712  -20.644 0.0000000000
110055  -33.278  35.797  -21.413 0.0000000000
110061  -31.971  36.794  -21.978 0.0000000000
110062  -32.548  36.542  -21.586 0.0000000000
110063  -33.145  36.051  -22.146 0.0000000000
110070  -31.549  36.441  -22.361 0.0000000000
110071  -32.551  36.119  -22.424 0.0000000000
110072  -32.954  35.997  -22.490 0.0000000000
110766  -30.676  36.398  -18.421 0.0000000000
110767  -31.203  35.826  -18.714 0.0000000000
110769  -31.000  37.141  -19.019 0.0000000000
110770  -31.640  36.523  -19.356 0.0000000000
110771  -32.203  35.927  -19.684 0.0000000000
110776  -30.981  37.516  -21.169 0.0000000000
110777  -31.833  37.229  -20.598 0.0000000000
110778  -32.417  36.423  -20.324 0.0000000000
110785  -27.617  36.935  -21.817 0.0000000000
110786  -28.575  36.932  -21.736 0.0000000000
110787  -29.431  36.825  -21.965 0.0000000000
110788  -30.523  37.018  -22.091 0.0000000000
110789  -31.652  37.077  -21.708 0.0000000000
110790  -32.239  36.978  -21.054 0.0000000000
110797  -30.880  36.649  -22.324 0.0000000000
110798  -31.164  36.868  -22.207 0.0000000000
111448  -30.959  37.453  -19.620 0.0000000000
111454  -31.232  37.489  -20.218 0.0000000000
111463  -28.178  37.597  -21.175 0.0000000000
111464  -29.252  37.597  -21.297 0.0000000000
111465  -30.099  37.485  -21.508 0.0000000000
112170  -37.735  38.256  -32.371 0.0000000000
112171  -38.202  38.202  -32.370 0.0000000000
112172  -39.175  38.210  -32.366 0.0000000000
112183  -35.588  38.417  -33.198 0.0000000000
112184  -36.073  38.290  -33.129 0.0000000000
112185  -37.296  38.103  -32.800 0.0000000000
112186  -38.480  37.948  -33.115 0.0000000000
112201  -33.672  38.761  -34.177 0.0000000000
112202  -34.105  38.596  -34.073 0.0000000000
112203  -35.226  38.339  -33.682 0.0000000000
112204  -36.438  37.907  -33.875 0.0000000000
112205  -37.636  37.854  -33.963 0.0000000000
112206  -38.779  38.139  -34.047 0.0000000000
112223  -32.808  38.721  -34.949 0.0000000000
112224  -33.382  38.647  -34.661 0.0000000000
112225  -34.502  38.187  -34.805 0.0000000000
112226  -35.632  37.990  -34.833 0.0000000000
112227  -36.761  37.950  -34.872 0.0000000000
112228  -37.853  38.214  -34.933 0.0000000000
112229  -38.615  38.608  -34.689 0.0000000000
112245  -31.479  38.440  -35.789 0.0000000000
112246  -32.590  38.465  -35.473 0.0000000000
112247  -33.765  38.074  -35.716 0.0000000000
112248  -34.846  37.999  -35.852 0.0000000000
112249  -35.902  38.245  -35.787 0.0000000000
112250  -36.909  38.427  -35.545 0.0000000000
112251  -37.523  38.804  -35.462 0.0000000000
112899  -38.291  39.243  -31.112 0.0000000000
112900  -39.319  39.094  -30.909 0.0000000000
112910  -35.894  39.227  -31.994 0.0000000000
112911  -36.770  38.996  -31.859 0.0000000000
112912  -37.664  38.582  -31.916 0.0000000000
112913  -38.754  38.541  -31.667 0.0000000000
112922  -32.937  39.766  -33.099 0.0000000000
112923  -33.794  39.440  -32.922 0.0000000000
112924  -34.603  39.163  -32.755 0.0000000000
112925  -35.450  38.729  -32.783 0.0000000000
112926  -36.416  38.602  -32.457 0.0000000000
112927  -37.037  38.534  -32.255 0.0000000000
112941  -30.677  39.963  -34.025 0.0000000000
112942  -31.719  39.827  -34.011 0.0000000000
112943  -32.630  39.541  -33.870 0.0000000000
112944  -33.500  39.095  -33.809 0.0000000000
112945  -34.352  38.862  -33.382 0.0000000000
112946  -34.899  38.727  -33.131 0.0000000000
112947  -39.237  38.774  -34.318 0.0000000000
112966  -31.313  39.401  -34.649 0.0000000000
112967  -32.420  39.081  -34.711 0.0000000000
112968  -32.998  39.098  -34.265 0.0000000000
112969  -38.138  39.028  -35.115 0.0000000000
112970  -38.801  39.265  -34.734 0.0000000000
112971  -39.331  39.374  -34.358 0.0000000000
112983  -30.893  38.956  -35.205 0.0000000000
112984  -31.848  38.918  -35.203 0.0000000000
112985  -32.298  38.830  -35.137 0.0000000000
113613  -33.141  41.069  -31.154 0.0000000000
113614  -34.072  40.893  -31.093 0.0000000000
113615  -34.998  40.715  -31.018 0.0000000000
113616  -35.921  40.494  -30.873 0.0000000000
113632  -30.833  41.126  -31.950 0.0000000000
113633  -31.800  40.892  -31.862 0.0000000000
113634  -32.735  40.673  -31.785 0.0000000000
113635  -33.644  40.449  -31.701 0.0000000000
113636  -34.547  40.227  -31.619 0.0000000000
113637  -35.445  39.978  -31.498 0.0000000000
113638  -36.355  39.725  -31.355 0.0000000000
113639  -37.290  39.454  -31.238 0.0000000000
113649  -31.440  40.653  -32.591 0.0000000000
113650  -32.374  40.365  -32.478 0.0000000000
113651  -33.269  40.076  -32.360 0.0000000000
113667  -31.073  40.372  -33.336 0.0000000000
113668  -32.041  40.109  -33.228 0.0000000000
114432  -31.061  42.133  -29.941 0.0000000000
114433  -32.102  42.176  -29.921 0.0000000000
114434  -33.136  42.110  -29.896 0.0000000000
114435  -34.119  42.034  -29.946 0.0000000000
114436  -35.057  41.916  -29.898 0.0000000000
114437  -35.988  41.767  -29.757 0.0000000000
114449  -30.629  41.716  -30.594 0.0000000000
114450  -31.633  41.679  -30.565 0.0000000000
114451  -32.625  41.609  -30.540 0.0000000000
114452  -33.597  41.510  -30.527 0.0000000000
114453  -34.547  41.388  -30.497 0.0000000000
114454  -35.488  41.242  -30.413 0.0000000000
114455  -36.445  41.082  -30.272 0.0000000000
114467  -31.217  41.331  -31.230 0.0000000000
114468  -32.189  41.206  -31.189 0.0000000000
115311  -35.557  42.399  -29.230 0.0000000000
115312  -36.455  42.256  -29.062 0.0000000000
