#!ascii label  , from subject mni152 vox2ras=TkReg
50
103699  -44.253  27.871  -17.529 0.0000000000
103705  -44.768  27.980  -18.384 0.0000000000
103713  -45.476  28.029  -18.985 0.0000000000
104465  -44.399  28.859  -17.721 0.0000000000
104469  -44.987  28.919  -18.535 0.0000000000
105247  -44.647  29.806  -17.815 0.0000000000
105253  -45.373  29.875  -18.607 0.0000000000
106040  -40.566  31.112  -13.556 0.0000000000
106041  -41.351  30.841  -14.003 0.0000000000
106042  -42.068  30.544  -14.502 0.0000000000
106050  -41.713  31.173  -14.589 0.0000000000
106051  -42.398  30.830  -15.060 0.0000000000
106059  -43.076  30.730  -15.744 0.0000000000
106060  -43.662  30.680  -16.402 0.0000000000
106067  -44.280  30.668  -17.085 0.0000000000
106068  -44.917  30.722  -17.803 0.0000000000
106859  -40.648  31.741  -13.814 0.0000000000
106860  -41.213  31.784  -14.327 0.0000000000
106867  -41.805  31.799  -14.859 0.0000000000
106868  -42.553  31.738  -15.429 0.0000000000
106869  -43.166  32.054  -15.733 0.0000000000
106876  -43.233  31.390  -15.945 0.0000000000
106877  -43.876  31.648  -16.392 0.0000000000
106878  -44.605  31.883  -16.743 0.0000000000
106886  -44.574  31.330  -17.110 0.0000000000
106887  -45.275  31.698  -17.553 0.0000000000
107658  -40.299  32.565  -13.387 0.0000000000
107659  -40.918  32.893  -13.595 0.0000000000
107664  -40.904  32.341  -13.865 0.0000000000
107665  -41.486  32.678  -14.245 0.0000000000
107666  -42.161  32.986  -14.548 0.0000000000
107672  -42.087  32.427  -14.901 0.0000000000
107673  -42.766  32.710  -15.115 0.0000000000
107674  -43.713  32.569  -15.540 0.0000000000
107675  -44.596  32.742  -15.586 0.0000000000
107676  -45.365  32.900  -15.683 0.0000000000
107681  -44.335  32.276  -16.164 0.0000000000
107682  -45.109  32.425  -16.491 0.0000000000
108482  -42.034  33.255  -13.914 0.0000000000
108483  -42.814  33.363  -14.148 0.0000000000
108484  -43.787  33.420  -13.991 0.0000000000
108485  -44.716  33.401  -13.952 0.0000000000
108496  -43.413  33.104  -14.756 0.0000000000
108497  -44.181  33.110  -14.797 0.0000000000
108498  -45.075  33.202  -14.870 0.0000000000
110769  -31.000  37.141  -19.019 0.0000000000
110770  -31.640  36.523  -19.356 0.0000000000
110777  -31.833  37.229  -20.598 0.0000000000
111448  -30.959  37.453  -19.620 0.0000000000
111454  -31.232  37.489  -20.218 0.0000000000
