#!ascii label  , from subject mni152 vox2ras=TkReg
790
37280  32.724  -32.386  24.792 0.0000000000
94691  47.459  18.817  23.131 0.0000000000
94704  45.759  18.548  22.321 0.0000000000
94705  44.884  18.760  22.221 0.0000000000
94706  44.087  18.791  22.124 0.0000000000
95772  47.172  19.442  23.449 0.0000000000
95773  45.995  19.757  23.316 0.0000000000
95774  45.044  19.976  23.200 0.0000000000
95775  44.484  20.079  23.163 0.0000000000
95782  47.034  18.746  22.939 0.0000000000
95783  46.327  19.009  22.870 0.0000000000
95784  45.390  19.285  22.762 0.0000000000
95785  44.340  19.516  22.716 0.0000000000
95786  43.209  19.089  22.336 0.0000000000
95787  42.100  19.312  22.411 0.0000000000
95800  42.969  18.564  21.785 0.0000000000
95801  42.394  18.688  21.869 0.0000000000
95802  41.509  18.838  21.889 0.0000000000
96778  46.528  20.294  23.892 0.0000000000
96779  45.537  20.426  23.752 0.0000000000
96780  44.473  20.589  23.660 0.0000000000
96781  43.356  20.474  23.451 0.0000000000
96782  42.247  20.561  23.476 0.0000000000
96789  44.046  20.130  23.154 0.0000000000
96790  43.535  19.824  22.921 0.0000000000
96791  42.691  19.861  22.949 0.0000000000
96792  41.677  19.993  22.924 0.0000000000
97841  43.674  21.079  24.022 0.0000000000
97842  42.769  21.166  24.020 0.0000000000
97843  41.734  21.201  24.037 0.0000000000
100880  11.407  24.736  49.977 0.0000000000
100905  7.667  24.767  46.390 0.0000000000
100913  7.790  25.084  45.260 0.0000000000
100920  8.307  24.640  44.718 0.0000000000
100921  7.991  25.275  44.280 0.0000000000
100929  8.593  24.826  43.457 0.0000000000
100930  8.095  25.380  43.705 0.0000000000
100942  8.719  24.920  42.073 0.0000000000
100958  8.770  25.027  40.995 0.0000000000
100968  9.404  24.850  40.281 0.0000000000
100969  8.829  25.225  40.421 0.0000000000
100977  9.790  24.993  39.375 0.0000000000
100983  10.397  24.776  38.830 0.0000000000
100984  9.942  25.103  39.003 0.0000000000
100990  10.775  24.845  37.878 0.0000000000
100997  11.414  24.707  36.878 0.0000000000
100998  11.047  24.860  37.367 0.0000000000
101842  11.107  24.885  49.888 0.0000000000
101843  10.611  24.834  49.878 0.0000000000
101844  9.958  24.815  49.794 0.0000000000
101845  9.552  24.725  49.704 0.0000000000
101848  11.472  25.166  49.654 0.0000000000
101849  10.892  25.348  49.551 0.0000000000
101850  10.241  25.401  49.499 0.0000000000
101851  9.358  25.271  49.449 0.0000000000
101852  8.535  25.563  48.994 0.0000000000
101876  14.069  25.003  45.699 0.0000000000
101877  13.502  25.634  46.303 0.0000000000
101878  7.451  25.661  45.772 0.0000000000
101879  7.291  26.342  46.137 0.0000000000
101882  14.074  25.089  44.607 0.0000000000
101883  13.518  25.734  45.255 0.0000000000
101884  7.562  25.900  44.729 0.0000000000
101885  7.317  26.346  45.348 0.0000000000
101890  14.043  25.205  43.575 0.0000000000
101891  13.540  25.791  44.168 0.0000000000
101892  8.037  25.506  43.273 0.0000000000
101893  7.759  25.839  43.794 0.0000000000
101899  13.633  25.796  43.342 0.0000000000
101900  8.120  25.465  42.512 0.0000000000
101901  7.667  25.974  42.912 0.0000000000
101915  8.133  25.469  41.468 0.0000000000
101916  7.624  26.041  41.936 0.0000000000
101929  8.906  25.366  40.037 0.0000000000
101930  8.305  25.656  40.379 0.0000000000
101931  7.612  25.987  40.988 0.0000000000
101941  9.281  25.290  39.591 0.0000000000
101942  8.761  25.771  39.494 0.0000000000
101949  10.089  25.195  38.591 0.0000000000
101950  9.625  25.466  38.770 0.0000000000
101951  8.832  26.083  38.734 0.0000000000
101956  10.231  25.272  38.145 0.0000000000
101957  9.787  25.843  37.700 0.0000000000
101963  11.135  25.127  36.683 0.0000000000
101964  10.685  25.373  37.045 0.0000000000
101965  9.845  26.148  36.686 0.0000000000
101971  11.253  25.211  36.096 0.0000000000
101972  10.419  25.890  35.804 0.0000000000
101973  9.723  26.314  35.855 0.0000000000
102757  11.275  25.706  49.201 0.0000000000
102758  10.667  25.978  49.040 0.0000000000
102759  9.957  26.008  49.058 0.0000000000
102760  9.213  26.184  48.886 0.0000000000
102761  8.551  26.173  48.657 0.0000000000
102763  11.206  26.324  48.745 0.0000000000
102764  10.760  26.654  48.656 0.0000000000
102765  8.861  26.654  48.548 0.0000000000
102778  7.283  27.044  46.428 0.0000000000
102786  7.126  27.043  45.605 0.0000000000
102790  12.981  26.350  45.948 0.0000000000
102791  12.470  27.046  45.720 0.0000000000
102792  7.476  26.266  44.124 0.0000000000
102793  7.145  26.855  44.453 0.0000000000
102798  12.937  26.518  44.814 0.0000000000
102799  12.400  27.224  44.950 0.0000000000
102800  7.359  26.444  43.500 0.0000000000
102801  6.951  27.186  43.232 0.0000000000
102805  13.538  26.041  42.905 0.0000000000
102806  13.125  26.473  43.463 0.0000000000
102807  7.200  26.598  42.489 0.0000000000
102808  6.752  27.367  42.084 0.0000000000
102818  6.995  26.710  41.293 0.0000000000
102819  6.708  27.257  41.416 0.0000000000
102832  8.187  26.075  39.747 0.0000000000
102833  7.512  26.527  39.976 0.0000000000
102843  8.213  26.336  39.128 0.0000000000
102844  7.632  26.930  38.711 0.0000000000
102851  9.145  26.102  38.130 0.0000000000
102852  8.390  26.538  38.076 0.0000000000
102853  7.788  27.123  37.703 0.0000000000
102858  9.099  26.399  37.305 0.0000000000
102859  8.319  26.993  36.903 0.0000000000
102860  7.866  27.274  37.184 0.0000000000
102866  9.181  26.646  36.295 0.0000000000
102867  8.718  27.157  35.730 0.0000000000
103629  10.343  26.519  48.774 0.0000000000
103630  9.851  26.716  48.702 0.0000000000
103631  9.343  26.866  48.557 0.0000000000
103633  11.128  27.124  48.242 0.0000000000
103634  10.409  27.207  48.404 0.0000000000
103635  9.727  27.401  48.309 0.0000000000
103636  8.969  27.366  48.231 0.0000000000
103648  7.112  27.921  46.122 0.0000000000
103655  6.829  27.890  45.086 0.0000000000
103660  6.762  27.940  43.971 0.0000000000
103664  12.577  27.054  44.206 0.0000000000
103666  6.607  28.042  42.901 0.0000000000
103670  12.526  27.343  43.379 0.0000000000
103672  6.514  28.158  42.055 0.0000000000
103680  6.692  27.245  41.082 0.0000000000
103681  6.546  27.824  41.209 0.0000000000
103693  6.761  27.341  40.442 0.0000000000
103694  6.545  27.986  40.389 0.0000000000
103706  6.894  27.611  39.312 0.0000000000
103707  6.655  27.813  39.956 0.0000000000
103716  7.222  27.598  38.154 0.0000000000
103722  7.890  27.431  36.871 0.0000000000
103723  7.591  27.603  37.289 0.0000000000
103730  8.044  27.698  36.197 0.0000000000
103731  7.771  27.680  36.798 0.0000000000
104460  7.266  28.890  46.454 0.0000000000
104467  11.251  28.779  46.179 0.0000000000
104468  6.859  28.896  45.638 0.0000000000
104474  11.070  29.139  45.388 0.0000000000
104475  6.619  28.894  44.607 0.0000000000
104479  11.302  28.918  44.368 0.0000000000
104480  10.949  29.467  44.888 0.0000000000
104481  6.499  28.883  43.533 0.0000000000
104487  6.441  28.891  42.519 0.0000000000
104494  6.482  28.805  41.576 0.0000000000
104506  6.512  28.678  40.665 0.0000000000
104518  6.661  28.220  39.172 0.0000000000
104519  6.555  28.404  39.728 0.0000000000
104529  6.807  28.455  38.570 0.0000000000
104530  6.605  28.516  39.151 0.0000000000
104536  7.264  28.244  37.577 0.0000000000
104541  7.900  28.555  36.227 0.0000000000
104542  7.645  28.072  36.835 0.0000000000
104547  8.279  28.361  35.384 0.0000000000
105241  10.802  29.466  46.044 0.0000000000
105242  7.154  29.824  46.111 0.0000000000
105247  10.723  29.821  45.305 0.0000000000
105248  6.796  30.010  45.188 0.0000000000
105253  11.166  29.540  43.874 0.0000000000
105254  10.886  30.028  44.429 0.0000000000
105255  6.540  29.861  44.104 0.0000000000
105260  11.168  30.157  43.524 0.0000000000
105262  6.492  29.811  43.055 0.0000000000
105268  6.512  29.771  42.006 0.0000000000
105278  6.571  29.616  41.042 0.0000000000
105291  6.784  29.925  39.319 0.0000000000
105292  6.564  29.525  40.094 0.0000000000
105302  6.922  29.520  38.556 0.0000000000
105303  6.586  29.055  39.203 0.0000000000
105309  7.686  29.644  37.275 0.0000000000
105310  7.169  29.093  37.781 0.0000000000
105317  8.634  29.859  36.028 0.0000000000
105318  8.019  29.358  36.481 0.0000000000
105319  7.570  28.811  37.012 0.0000000000
105325  8.346  29.116  35.662 0.0000000000
106015  10.512  29.776  46.522 0.0000000000
106025  10.507  30.229  45.869 0.0000000000
106048  6.567  30.760  42.566 0.0000000000
106056  6.781  31.051  40.784 0.0000000000
106057  6.656  30.822  41.311 0.0000000000
106071  6.846  30.838  40.155 0.0000000000
106072  6.640  30.190  40.642 0.0000000000
106084  7.842  31.126  38.134 0.0000000000
106085  7.312  30.672  38.694 0.0000000000
106091  7.915  30.586  37.666 0.0000000000
106092  7.376  29.894  37.984 0.0000000000
106099  8.965  30.649  36.404 0.0000000000
106100  8.284  30.166  36.818 0.0000000000
106107  9.315  30.317  35.618 0.0000000000
106429  48.967  31.136  -6.838 0.0000000000
106437  49.172  31.019  -7.971 0.0000000000
106444  50.055  31.310  -9.424 0.0000000000
106445  49.589  30.861  -9.167 0.0000000000
106453  50.141  31.181  -9.896 0.0000000000
106460  50.373  30.787  -10.871 0.0000000000
106480  51.570  30.952  -13.544 0.0000000000
106483  47.073  30.772  -13.146 0.0000000000
106487  51.756  30.722  -14.585 0.0000000000
106489  48.185  30.539  -15.121 0.0000000000
106494  52.064  30.759  -15.772 0.0000000000
106499  52.770  31.425  -17.197 0.0000000000
106500  52.410  30.808  -16.934 0.0000000000
106501  49.189  30.810  -17.630 0.0000000000
106506  52.571  31.192  -17.619 0.0000000000
106507  52.282  30.606  -18.028 0.0000000000
106526  37.664  31.139  -21.797 0.0000000000
106527  36.911  30.559  -21.389 0.0000000000
106529  38.893  31.440  -22.823 0.0000000000
106530  38.231  30.814  -22.449 0.0000000000
106533  39.360  31.323  -23.700 0.0000000000
106534  38.821  30.542  -23.199 0.0000000000
106782  10.309  30.454  46.332 0.0000000000
106820  6.652  31.748  42.242 0.0000000000
106827  6.819  31.527  40.898 0.0000000000
106828  6.718  31.965  41.535 0.0000000000
106839  7.024  31.940  40.380 0.0000000000
106851  7.765  31.565  38.489 0.0000000000
106852  7.366  31.916  39.392 0.0000000000
106860  8.921  31.902  37.287 0.0000000000
106861  8.452  31.695  37.721 0.0000000000
106869  9.780  31.910  36.362 0.0000000000
106870  9.291  31.708  36.753 0.0000000000
106871  8.588  30.946  37.083 0.0000000000
106879  10.104  31.791  35.852 0.0000000000
106880  9.556  31.045  35.987 0.0000000000
107173  49.407  31.846  -6.253 0.0000000000
107182  50.169  32.294  -6.841 0.0000000000
107183  49.598  31.695  -7.392 0.0000000000
107191  50.323  32.111  -7.973 0.0000000000
107192  49.815  31.528  -8.450 0.0000000000
107202  49.955  31.418  -8.940 0.0000000000
107230  45.857  30.603  -11.383 0.0000000000
107231  45.320  31.130  -11.067 0.0000000000
107239  46.146  31.075  -11.999 0.0000000000
107240  45.553  31.745  -11.927 0.0000000000
107244  52.714  31.975  -13.693 0.0000000000
107245  52.221  31.433  -14.137 0.0000000000
107246  47.234  30.983  -13.466 0.0000000000
107247  46.755  31.392  -13.143 0.0000000000
107250  52.936  31.992  -14.715 0.0000000000
107251  52.478  31.420  -15.207 0.0000000000
107252  48.011  30.868  -14.750 0.0000000000
107253  47.551  31.332  -14.209 0.0000000000
107254  46.806  32.102  -13.977 0.0000000000
107259  53.307  32.108  -15.759 0.0000000000
107260  52.696  31.415  -16.231 0.0000000000
107261  48.163  31.284  -15.342 0.0000000000
107262  47.772  32.034  -15.064 0.0000000000
107267  53.181  31.948  -16.797 0.0000000000
107268  52.775  31.397  -16.812 0.0000000000
107269  49.241  31.521  -17.526 0.0000000000
107270  48.722  31.430  -16.615 0.0000000000
107274  52.834  31.800  -17.695 0.0000000000
107275  52.444  31.354  -18.076 0.0000000000
107276  50.641  31.795  -18.659 0.0000000000
107277  49.942  31.540  -18.271 0.0000000000
107280  52.424  31.843  -18.232 0.0000000000
107281  51.958  31.356  -18.578 0.0000000000
107282  50.980  31.238  -18.935 0.0000000000
107283  50.330  30.582  -18.817 0.0000000000
107296  37.861  31.881  -21.567 0.0000000000
107297  37.222  31.612  -21.160 0.0000000000
107299  38.897  32.100  -22.497 0.0000000000
107300  38.365  31.775  -22.117 0.0000000000
107302  39.316  32.175  -23.143 0.0000000000
107304  39.553  32.307  -24.281 0.0000000000
107593  6.767  32.912  41.712 0.0000000000
107594  6.699  32.700  41.981 0.0000000000
107601  6.865  32.600  41.242 0.0000000000
107602  6.743  32.420  41.579 0.0000000000
107609  7.200  32.862  40.219 0.0000000000
107619  7.939  32.439  38.543 0.0000000000
107620  7.559  33.145  39.292 0.0000000000
107628  8.982  32.335  37.339 0.0000000000
107629  8.523  32.839  37.897 0.0000000000
107634  9.850  32.279  36.394 0.0000000000
107635  9.478  32.690  36.858 0.0000000000
107642  10.264  32.604  35.957 0.0000000000
107996  44.945  31.951  -11.629 0.0000000000
108005  45.981  31.854  -12.570 0.0000000000
108006  45.169  32.382  -12.518 0.0000000000
108014  53.484  32.390  -14.270 0.0000000000
108015  46.052  32.326  -13.396 0.0000000000
108016  45.156  32.987  -13.641 0.0000000000
108017  44.366  33.406  -13.443 0.0000000000
108024  47.209  32.297  -14.642 0.0000000000
108025  46.321  32.861  -14.551 0.0000000000
108026  45.498  33.419  -14.444 0.0000000000
108032  48.165  32.106  -15.777 0.0000000000
108033  47.433  32.815  -15.481 0.0000000000
108034  46.696  33.361  -15.322 0.0000000000
108040  53.286  32.393  -17.461 0.0000000000
108041  49.240  32.204  -17.348 0.0000000000
108042  48.393  32.682  -16.468 0.0000000000
108043  47.771  33.299  -16.081 0.0000000000
108047  53.428  32.982  -17.576 0.0000000000
108048  52.688  32.608  -18.110 0.0000000000
108049  51.700  32.719  -18.500 0.0000000000
108050  50.684  32.463  -18.433 0.0000000000
108051  49.837  32.675  -17.796 0.0000000000
108054  52.068  32.107  -18.498 0.0000000000
108055  51.408  31.977  -18.696 0.0000000000
108056  50.939  31.883  -18.743 0.0000000000
108066  37.941  32.834  -21.025 0.0000000000
108073  38.791  32.934  -21.916 0.0000000000
108074  38.346  32.678  -21.526 0.0000000000
108075  37.728  32.184  -21.242 0.0000000000
108078  39.045  32.790  -22.342 0.0000000000
108079  38.680  32.338  -22.117 0.0000000000
108081  39.399  33.131  -23.375 0.0000000000
108082  36.929  33.737  -24.246 0.0000000000
108083  36.449  33.629  -24.069 0.0000000000
108084  35.597  33.450  -23.878 0.0000000000
108087  39.194  33.432  -24.385 0.0000000000
108089  37.087  33.286  -24.608 0.0000000000
108090  36.025  32.971  -24.451 0.0000000000
108372  6.787  33.431  42.594 0.0000000000
108377  6.793  33.437  41.928 0.0000000000
108378  6.724  33.195  42.168 0.0000000000
108402  8.051  33.507  38.507 0.0000000000
108414  9.058  33.246  37.342 0.0000000000
108422  9.961  33.043  36.369 0.0000000000
108431  10.408  33.345  35.789 0.0000000000
108780  56.365  33.508  -10.607 0.0000000000
108789  56.489  33.538  -11.623 0.0000000000
108808  44.809  33.670  -14.029 0.0000000000
108809  44.056  33.980  -13.519 0.0000000000
108816  46.077  33.635  -15.020 0.0000000000
108817  45.407  33.998  -14.605 0.0000000000
108822  47.189  33.551  -15.780 0.0000000000
108823  46.658  33.866  -15.487 0.0000000000
108829  49.750  33.528  -17.374 0.0000000000
108830  49.304  33.240  -17.212 0.0000000000
108831  48.273  33.500  -16.468 0.0000000000
108832  47.616  33.758  -16.117 0.0000000000
108836  52.927  33.500  -17.677 0.0000000000
108837  52.080  33.429  -18.079 0.0000000000
108838  51.092  33.386  -18.144 0.0000000000
108839  50.106  33.351  -17.690 0.0000000000
108840  49.754  33.110  -17.588 0.0000000000
108848  36.578  33.771  -19.724 0.0000000000
108854  37.028  33.581  -20.115 0.0000000000
108859  38.861  33.321  -21.931 0.0000000000
108860  38.536  33.727  -21.373 0.0000000000
108863  39.112  33.698  -22.616 0.0000000000
108864  35.806  34.490  -23.055 0.0000000000
108869  39.028  34.178  -23.549 0.0000000000
108870  38.055  34.325  -23.794 0.0000000000
108871  37.049  34.181  -23.887 0.0000000000
108872  36.029  34.208  -23.361 0.0000000000
108879  38.487  33.887  -24.214 0.0000000000
108880  37.696  33.827  -24.289 0.0000000000
108881  37.188  33.773  -24.284 0.0000000000
109178  8.142  34.564  38.378 0.0000000000
109179  7.745  35.249  38.952 0.0000000000
109597  44.757  34.321  -14.031 0.0000000000
109598  44.105  34.700  -13.449 0.0000000000
109605  51.080  34.859  -15.705 0.0000000000
109606  50.586  34.760  -15.665 0.0000000000
109607  49.535  34.631  -15.578 0.0000000000
109608  48.433  34.634  -15.486 0.0000000000
109609  47.369  34.632  -15.384 0.0000000000
109610  46.334  34.317  -15.076 0.0000000000
109611  45.408  34.546  -14.408 0.0000000000
109617  52.537  34.721  -16.390 0.0000000000
109618  51.362  34.771  -16.141 0.0000000000
109619  50.219  34.498  -16.336 0.0000000000
109620  49.127  34.353  -16.230 0.0000000000
109621  48.089  34.343  -16.041 0.0000000000
109622  47.234  34.086  -15.791 0.0000000000
109623  46.718  34.114  -15.494 0.0000000000
109628  53.046  34.219  -17.067 0.0000000000
109629  51.966  34.422  -17.062 0.0000000000
109630  50.908  34.306  -17.048 0.0000000000
109631  49.857  33.916  -17.125 0.0000000000
109632  48.745  33.894  -16.565 0.0000000000
109633  47.877  33.966  -16.245 0.0000000000
109634  47.528  33.990  -16.097 0.0000000000
109638  52.330  33.946  -17.568 0.0000000000
109639  51.500  33.964  -17.668 0.0000000000
109640  50.597  33.822  -17.586 0.0000000000
109641  50.188  33.712  -17.489 0.0000000000
109649  36.725  34.252  -19.693 0.0000000000
109650  36.200  34.691  -19.305 0.0000000000
109653  37.992  34.216  -20.766 0.0000000000
109654  37.439  34.735  -20.198 0.0000000000
109657  38.856  34.046  -22.003 0.0000000000
109658  38.429  34.747  -21.649 0.0000000000
109664  38.752  34.523  -22.602 0.0000000000
109665  38.045  35.298  -22.584 0.0000000000
109666  37.003  35.227  -22.787 0.0000000000
109667  36.008  34.863  -22.839 0.0000000000
109675  38.351  34.711  -23.211 0.0000000000
109676  37.538  34.773  -23.277 0.0000000000
109677  36.640  34.639  -23.214 0.0000000000
109678  36.220  34.563  -23.131 0.0000000000
109961  8.170  35.690  38.134 0.0000000000
109962  7.764  36.096  38.779 0.0000000000
110355  49.737  35.517  -11.119 0.0000000000
110356  48.576  35.465  -11.118 0.0000000000
110357  47.481  35.505  -11.181 0.0000000000
110358  46.796  35.575  -11.244 0.0000000000
110367  56.131  35.865  -12.406 0.0000000000
110368  55.134  35.862  -12.385 0.0000000000
110369  53.939  35.744  -12.101 0.0000000000
110372  50.391  35.358  -12.090 0.0000000000
110373  49.216  35.279  -12.050 0.0000000000
110374  48.049  35.312  -12.048 0.0000000000
110375  46.869  35.499  -12.011 0.0000000000
110376  45.751  35.656  -12.213 0.0000000000
110377  44.693  35.669  -12.249 0.0000000000
110386  55.630  35.598  -13.259 0.0000000000
110387  54.584  35.667  -13.247 0.0000000000
110391  49.881  35.145  -13.026 0.0000000000
110392  48.694  35.122  -12.984 0.0000000000
110393  47.532  35.253  -12.986 0.0000000000
110394  46.408  35.431  -13.045 0.0000000000
110395  45.303  35.464  -13.113 0.0000000000
110405  52.932  35.439  -14.144 0.0000000000
110406  51.774  35.188  -14.120 0.0000000000
110407  50.570  35.033  -14.049 0.0000000000
110408  49.365  34.959  -13.933 0.0000000000
110409  48.192  34.990  -13.884 0.0000000000
110410  47.074  35.158  -13.890 0.0000000000
110411  46.001  35.207  -13.886 0.0000000000
110412  44.969  34.968  -13.882 0.0000000000
110413  44.377  34.992  -13.511 0.0000000000
110420  52.461  35.170  -15.027 0.0000000000
110421  51.284  34.966  -15.246 0.0000000000
110422  50.034  34.813  -14.877 0.0000000000
110423  48.868  34.808  -14.762 0.0000000000
110424  47.745  34.869  -14.703 0.0000000000
110425  46.674  34.928  -14.639 0.0000000000
110426  45.749  34.843  -14.429 0.0000000000
110427  45.352  34.794  -14.271 0.0000000000
110431  53.052  35.007  -15.740 0.0000000000
110432  52.064  34.953  -15.740 0.0000000000
110433  51.580  34.921  -15.731 0.0000000000
110443  35.659  35.206  -18.905 0.0000000000
110447  36.900  35.262  -19.763 0.0000000000
110448  36.328  35.754  -19.365 0.0000000000
110450  37.919  35.111  -20.911 0.0000000000
110451  37.325  35.796  -20.629 0.0000000000
110454  37.876  35.738  -21.589 0.0000000000
110455  36.922  36.274  -21.589 0.0000000000
110456  35.914  36.161  -21.873 0.0000000000
110465  37.291  35.733  -22.215 0.0000000000
110466  36.455  35.696  -22.318 0.0000000000
110467  35.574  35.484  -22.280 0.0000000000
110736  8.257  36.434  37.647 0.0000000000
111129  49.856  36.946  -7.495 0.0000000000
111130  49.217  37.095  -7.456 0.0000000000
111144  50.289  36.434  -8.339 0.0000000000
111145  48.974  36.623  -8.115 0.0000000000
111146  47.672  36.451  -8.417 0.0000000000
111147  46.531  36.352  -8.588 0.0000000000
111148  45.454  36.336  -8.754 0.0000000000
111164  55.582  36.431  -9.828 0.0000000000
111165  54.437  36.295  -9.751 0.0000000000
111169  49.649  36.008  -9.179 0.0000000000
111170  48.417  35.971  -9.200 0.0000000000
111171  47.218  35.893  -9.356 0.0000000000
111172  46.081  35.922  -9.525 0.0000000000
111173  45.021  35.998  -9.666 0.0000000000
111185  56.121  36.343  -10.762 0.0000000000
111186  55.067  36.210  -10.720 0.0000000000
111187  53.858  36.018  -10.795 0.0000000000
111190  50.280  35.707  -10.178 0.0000000000
111191  49.092  35.660  -10.148 0.0000000000
111192  47.914  35.648  -10.229 0.0000000000
111193  46.737  35.664  -10.468 0.0000000000
111194  45.608  35.784  -10.494 0.0000000000
111195  44.599  35.877  -10.586 0.0000000000
111204  55.648  36.131  -11.598 0.0000000000
111205  54.738  35.994  -11.529 0.0000000000
111206  46.141  35.668  -11.312 0.0000000000
111207  45.152  35.788  -11.396 0.0000000000
111230  35.765  36.252  -18.967 0.0000000000
111234  36.791  36.133  -19.980 0.0000000000
111235  36.245  36.807  -19.742 0.0000000000
111237  36.766  36.738  -20.651 0.0000000000
111238  35.869  37.272  -20.694 0.0000000000
111245  36.198  36.710  -21.292 0.0000000000
111676  8.495  37.110  23.476 0.0000000000
111677  7.921  37.897  23.703 0.0000000000
111697  8.273  38.396  23.014 0.0000000000
112001  50.016  38.093  -6.367 0.0000000000
112002  49.466  38.168  -6.498 0.0000000000
112017  50.443  37.348  -6.806 0.0000000000
112018  49.318  37.670  -6.894 0.0000000000
112019  48.294  37.819  -7.102 0.0000000000
112038  48.749  37.238  -7.413 0.0000000000
112039  47.980  37.120  -7.647 0.0000000000
112080  35.710  37.138  -19.127 0.0000000000
112084  35.723  37.734  -19.779 0.0000000000
112493  8.013  38.760  23.556 0.0000000000
112494  8.245  39.416  23.783 0.0000000000
112504  8.352  39.198  22.959 0.0000000000
112779  49.380  38.789  -6.333 0.0000000000
112780  48.492  39.143  -6.545 0.0000000000
112781  48.007  39.364  -6.642 0.0000000000
112792  49.207  38.228  -6.563 0.0000000000
112793  48.726  38.387  -6.684 0.0000000000
112794  47.731  38.780  -6.841 0.0000000000
113234  11.426  39.945  20.147 0.0000000000
113880  11.423  40.662  19.970 0.0000000000
114524  10.595  41.355  20.316 0.0000000000
114535  11.331  41.689  19.844 0.0000000000
114803  47.364  42.106  -19.211 0.0000000000
114843  46.455  41.017  -28.301 0.0000000000
114844  45.389  40.707  -28.010 0.0000000000
114845  44.257  40.852  -28.072 0.0000000000
114846  43.237  41.251  -28.296 0.0000000000
115207  10.143  42.963  23.688 0.0000000000
115215  9.033  42.679  22.584 0.0000000000
115223  8.706  42.674  21.817 0.0000000000
115232  8.337  41.995  21.774 0.0000000000
115242  10.776  42.359  20.100 0.0000000000
115383  10.804  42.543  5.528 0.0000000000
115384  9.856  42.844  5.620 0.0000000000
115385  8.836  42.865  5.978 0.0000000000
115554  47.008  42.234  -18.020 0.0000000000
115567  47.052  42.140  -18.833 0.0000000000
115578  47.329  42.448  -19.399 0.0000000000
115611  45.235  42.357  -26.736 0.0000000000
115612  44.067  42.263  -26.528 0.0000000000
115613  42.960  42.399  -26.715 0.0000000000
115614  41.962  42.719  -26.950 0.0000000000
115615  41.442  42.976  -27.085 0.0000000000
115620  46.828  41.997  -27.785 0.0000000000
115621  45.878  41.567  -27.435 0.0000000000
115622  44.764  41.460  -27.262 0.0000000000
115623  43.630  41.636  -27.399 0.0000000000
115624  42.488  41.935  -27.812 0.0000000000
115625  41.324  42.687  -27.732 0.0000000000
115626  40.679  42.898  -27.979 0.0000000000
115638  37.958  42.781  -29.248 0.0000000000
115639  36.837  42.899  -29.292 0.0000000000
115640  35.875  42.986  -29.305 0.0000000000
115653  36.260  42.730  -30.029 0.0000000000
115668  35.585  42.637  -30.718 0.0000000000
115972  10.591  43.693  23.766 0.0000000000
115973  9.999  43.328  23.291 0.0000000000
115978  10.180  44.119  22.995 0.0000000000
115979  9.591  43.558  22.637 0.0000000000
115988  9.228  43.424  21.831 0.0000000000
115997  9.755  43.442  20.616 0.0000000000
115998  9.214  43.090  21.152 0.0000000000
116008  10.995  43.263  19.804 0.0000000000
116009  10.285  43.021  20.311 0.0000000000
116352  44.213  43.890  -17.167 0.0000000000
116396  42.317  43.914  -24.440 0.0000000000
116397  41.948  43.789  -24.591 0.0000000000
116402  43.879  43.938  -25.383 0.0000000000
116403  43.468  43.666  -25.273 0.0000000000
116404  42.601  43.583  -25.009 0.0000000000
116405  41.553  43.623  -25.259 0.0000000000
116406  40.764  43.857  -25.690 0.0000000000
116414  44.406  43.388  -25.948 0.0000000000
116415  43.310  42.975  -25.822 0.0000000000
116416  42.272  43.071  -26.005 0.0000000000
116417  41.244  43.339  -26.499 0.0000000000
116418  40.166  44.012  -26.470 0.0000000000
116419  39.493  44.324  -26.647 0.0000000000
116428  46.181  42.462  -27.168 0.0000000000
116429  41.156  43.106  -27.194 0.0000000000
116430  40.513  43.313  -27.459 0.0000000000
116431  39.242  44.005  -27.412 0.0000000000
116432  37.889  43.964  -27.816 0.0000000000
116433  36.748  43.820  -27.924 0.0000000000
116434  35.689  43.690  -27.958 0.0000000000
116446  40.358  42.994  -28.074 0.0000000000
116447  39.737  43.185  -28.204 0.0000000000
116449  37.375  43.342  -28.553 0.0000000000
116450  36.285  43.268  -28.611 0.0000000000
116742  11.112  44.619  24.004 0.0000000000
116743  10.653  44.718  23.347 0.0000000000
116751  10.232  44.916  22.822 0.0000000000
116752  9.800  44.614  22.445 0.0000000000
116761  9.473  44.378  21.843 0.0000000000
116769  9.716  43.864  20.468 0.0000000000
116770  9.286  44.159  20.834 0.0000000000
116779  11.233  44.022  19.439 0.0000000000
116780  10.165  44.026  20.002 0.0000000000
116781  9.556  44.892  20.083 0.0000000000
116790  11.353  44.598  19.049 0.0000000000
117133  41.208  44.322  -13.758 0.0000000000
117134  40.321  44.822  -13.599 0.0000000000
117153  41.268  44.804  -14.411 0.0000000000
117154  40.533  45.193  -14.103 0.0000000000
117182  44.179  44.678  -17.342 0.0000000000
117231  43.115  44.529  -24.548 0.0000000000
117232  42.762  44.304  -24.407 0.0000000000
117233  41.879  44.246  -24.043 0.0000000000
117234  40.979  44.281  -23.970 0.0000000000
117235  40.255  44.532  -24.139 0.0000000000
117240  44.189  44.409  -25.513 0.0000000000
117241  43.441  44.364  -24.897 0.0000000000
117242  43.114  43.904  -24.792 0.0000000000
117243  41.399  43.942  -24.483 0.0000000000
117244  40.668  44.122  -24.805 0.0000000000
117245  39.628  44.708  -24.804 0.0000000000
117246  38.980  45.046  -25.417 0.0000000000
117255  40.149  44.256  -25.530 0.0000000000
117256  39.442  44.581  -25.961 0.0000000000
117257  38.517  45.045  -26.186 0.0000000000
117258  37.518  45.102  -26.628 0.0000000000
117259  36.496  45.009  -26.822 0.0000000000
117269  39.016  44.558  -26.681 0.0000000000
117270  38.236  44.567  -27.045 0.0000000000
117271  37.164  44.483  -27.299 0.0000000000
117272  36.111  44.333  -27.366 0.0000000000
117541  11.056  45.445  23.676 0.0000000000
117552  9.449  45.133  22.052 0.0000000000
117560  9.030  45.366  21.412 0.0000000000
117568  9.011  45.355  20.488 0.0000000000
117577  10.801  44.656  19.378 0.0000000000
117578  10.131  45.139  19.482 0.0000000000
117594  10.994  45.373  18.742 0.0000000000
117925  39.992  45.285  -13.763 0.0000000000
117926  39.371  45.705  -13.539 0.0000000000
117932  40.980  45.505  -14.501 0.0000000000
117933  40.204  45.788  -14.110 0.0000000000
117934  39.695  46.224  -13.965 0.0000000000
117940  41.445  45.937  -14.964 0.0000000000
117999  40.772  45.499  -23.151 0.0000000000
118000  39.870  45.395  -23.052 0.0000000000
118001  39.024  45.512  -23.228 0.0000000000
118008  43.093  44.997  -24.478 0.0000000000
118009  42.226  45.309  -23.790 0.0000000000
118010  41.336  44.882  -23.522 0.0000000000
118011  40.454  44.819  -23.494 0.0000000000
118012  39.588  44.975  -23.794 0.0000000000
118013  38.809  45.314  -23.892 0.0000000000
118022  43.744  45.347  -25.140 0.0000000000
118023  39.189  45.045  -24.271 0.0000000000
118024  38.719  45.280  -24.687 0.0000000000
118036  38.386  45.365  -25.429 0.0000000000
118649  39.161  46.504  -13.775 0.0000000000
118657  40.765  46.178  -14.562 0.0000000000
118658  40.112  46.589  -14.338 0.0000000000
118659  39.631  46.605  -14.071 0.0000000000
118666  41.157  46.648  -14.946 0.0000000000
118667  40.618  46.656  -14.630 0.0000000000
118720  39.470  46.895  -22.556 0.0000000000
118721  38.596  46.733  -22.393 0.0000000000
118731  41.141  46.410  -23.209 0.0000000000
118732  40.154  46.201  -22.824 0.0000000000
118733  39.251  46.043  -22.672 0.0000000000
119371  39.150  46.865  -13.934 0.0000000000
119372  38.745  46.986  -13.778 0.0000000000
119382  40.021  46.974  -14.436 0.0000000000
119383  39.533  47.124  -14.253 0.0000000000
119384  38.852  47.463  -14.089 0.0000000000
119392  40.397  47.209  -14.745 0.0000000000
119393  39.868  47.449  -14.605 0.0000000000
119457  39.587  47.772  -22.679 0.0000000000
119458  38.846  47.610  -22.349 0.0000000000
119469  40.972  47.597  -23.363 0.0000000000
119470  40.263  47.178  -22.892 0.0000000000
120149  39.144  47.668  -14.357 0.0000000000
120150  38.506  48.056  -14.279 0.0000000000
120163  41.430  47.815  -15.596 0.0000000000
120164  40.892  47.995  -15.409 0.0000000000
120165  39.665  48.013  -14.814 0.0000000000
120249  39.634  48.230  -22.760 0.0000000000
120261  40.118  48.282  -23.033 0.0000000000
120262  39.663  48.472  -22.798 0.0000000000
128118  35.493  60.553  2.773 0.0000000000
128119  34.442  60.950  2.895 0.0000000000
128662  34.654  61.581  3.398 0.0000000000
128663  33.432  61.317  3.103 0.0000000000
128675  33.273  60.648  2.572 0.0000000000
128676  32.533  60.905  2.693 0.0000000000
129187  34.837  63.035  4.772 0.0000000000
129188  33.851  62.889  4.632 0.0000000000
129189  32.855  62.837  4.405 0.0000000000
129197  35.415  62.598  4.396 0.0000000000
129198  34.753  62.380  4.133 0.0000000000
129199  33.687  62.221  3.890 0.0000000000
129200  32.591  62.258  3.734 0.0000000000
129712  34.060  63.534  5.263 0.0000000000
129713  32.999  63.591  5.090 0.0000000000
129727  32.734  64.248  2.427 0.0000000000
129736  33.883  64.027  1.508 0.0000000000
129737  33.088  63.794  1.711 0.0000000000
129744  35.032  64.063  0.642 0.0000000000
129745  34.232  63.710  0.913 0.0000000000
129753  35.086  63.854  0.201 0.0000000000
129762  35.079  63.689  -0.228 0.0000000000
129763  34.856  63.511  -0.665 0.0000000000
129770  34.642  63.589  -1.470 0.0000000000
130243  32.871  64.652  5.371 0.0000000000
130255  34.754  65.251  2.561 0.0000000000
130256  34.235  65.169  2.636 0.0000000000
130257  32.913  64.862  3.133 0.0000000000
130264  35.639  65.108  1.861 0.0000000000
130265  35.100  65.043  2.133 0.0000000000
130266  33.945  64.485  1.993 0.0000000000
130267  33.148  64.365  2.301 0.0000000000
130274  35.744  64.940  1.501 0.0000000000
130275  35.026  64.402  1.212 0.0000000000
130276  34.273  64.146  1.408 0.0000000000
130285  35.996  64.777  0.772 0.0000000000
130286  35.700  64.404  0.243 0.0000000000
130295  35.512  64.184  -0.519 0.0000000000
130296  35.241  64.270  -1.269 0.0000000000
130304  34.813  64.405  -1.857 0.0000000000
130767  33.506  66.271  4.946 0.0000000000
130768  32.971  65.544  5.183 0.0000000000
130772  34.432  66.020  3.571 0.0000000000
130773  33.790  66.082  4.018 0.0000000000
130774  33.073  65.624  4.205 0.0000000000
130778  35.687  65.714  2.579 0.0000000000
130779  34.939  65.586  2.901 0.0000000000
130780  33.916  65.572  3.297 0.0000000000
130781  33.383  65.554  3.651 0.0000000000
130786  36.880  65.612  1.416 0.0000000000
130787  36.044  65.414  1.953 0.0000000000
130788  35.448  65.421  2.394 0.0000000000
130796  37.279  65.619  0.723 0.0000000000
130797  36.531  65.157  1.053 0.0000000000
130805  37.531  65.845  0.121 0.0000000000
130806  36.771  65.314  -0.122 0.0000000000
130807  36.076  64.728  -0.454 0.0000000000
130814  36.778  65.744  -0.846 0.0000000000
130815  36.036  65.316  -1.244 0.0000000000
130816  35.302  64.858  -1.638 0.0000000000
130825  35.678  66.034  -1.805 0.0000000000
130826  35.047  65.516  -2.074 0.0000000000
131354  34.976  66.879  4.367 0.0000000000
131355  34.242  66.654  4.647 0.0000000000
131361  36.019  66.678  3.327 0.0000000000
131362  35.151  66.392  3.608 0.0000000000
131363  34.481  66.431  4.039 0.0000000000
131368  37.225  66.495  2.307 0.0000000000
131369  36.325  66.159  2.587 0.0000000000
131370  35.636  66.085  3.021 0.0000000000
131376  38.449  66.676  1.193 0.0000000000
131377  37.592  66.099  1.457 0.0000000000
131378  36.833  65.932  1.944 0.0000000000
131387  37.991  66.178  0.521 0.0000000000
131396  37.791  66.583  -0.414 0.0000000000
131397  37.123  66.007  -0.676 0.0000000000
131405  37.537  67.046  -0.923 0.0000000000
131406  36.950  66.569  -1.082 0.0000000000
131407  36.119  66.655  -1.635 0.0000000000
131416  35.415  66.721  -2.077 0.0000000000
131937  37.502  68.054  4.641 0.0000000000
131938  36.851  68.034  4.903 0.0000000000
131939  35.680  67.533  4.803 0.0000000000
131940  34.793  67.142  5.015 0.0000000000
131947  38.415  67.948  3.716 0.0000000000
131948  37.754  67.937  3.963 0.0000000000
131949  36.611  67.430  3.814 0.0000000000
131950  35.663  67.028  3.982 0.0000000000
131959  37.706  67.251  2.876 0.0000000000
131960  36.779  66.829  2.978 0.0000000000
131972  37.989  66.747  1.971 0.0000000000
131993  38.378  67.791  -0.543 0.0000000000
131994  37.920  68.073  -0.848 0.0000000000
132002  37.833  67.430  -0.806 0.0000000000
132003  37.363  67.727  -1.045 0.0000000000
132004  36.609  67.663  -1.415 0.0000000000
132016  35.876  67.709  -1.869 0.0000000000
132517  37.575  68.057  5.080 0.0000000000
132523  38.448  67.962  4.180 0.0000000000
132524  37.815  68.054  4.492 0.0000000000
132557  38.263  68.727  -0.754 0.0000000000
132558  37.646  68.693  -0.934 0.0000000000
132567  37.007  68.636  -1.192 0.0000000000
132568  36.331  68.691  -1.578 0.0000000000
132577  35.602  68.764  -2.030 0.0000000000
133063  37.954  69.500  -0.835 0.0000000000
133064  37.358  69.443  -1.029 0.0000000000
