#!ascii label  , from subject mni152 vox2ras=TkReg
68
39592  -58.552  -31.277  18.179 0.0000000000
39593  -59.009  -31.146  17.931 0.0000000000
39594  -59.398  -30.861  17.575 0.0000000000
39604  -57.716  -31.359  17.218 0.0000000000
39605  -58.401  -31.375  17.471 0.0000000000
39606  -59.145  -31.172  17.148 0.0000000000
39607  -59.615  -30.839  16.966 0.0000000000
39618  -57.988  -31.353  16.404 0.0000000000
39619  -58.838  -31.303  16.445 0.0000000000
39620  -59.468  -31.041  16.373 0.0000000000
39621  -59.860  -30.759  16.387 0.0000000000
39638  -57.782  -31.147  15.401 0.0000000000
39639  -58.561  -31.246  15.550 0.0000000000
39640  -59.296  -31.131  15.584 0.0000000000
39641  -60.028  -30.813  15.589 0.0000000000
39642  -60.467  -30.565  15.135 0.0000000000
39657  -58.276  -31.142  14.636 0.0000000000
39658  -59.045  -31.146  14.701 0.0000000000
39659  -59.738  -30.991  14.706 0.0000000000
39660  -60.351  -30.696  14.584 0.0000000000
39671  -57.921  -31.230  13.747 0.0000000000
39672  -58.769  -31.219  13.811 0.0000000000
39673  -59.529  -31.164  13.804 0.0000000000
39674  -60.139  -30.925  13.858 0.0000000000
39684  -57.510  -31.475  12.909 0.0000000000
39685  -58.446  -31.463  12.978 0.0000000000
39686  -59.265  -31.463  13.010 0.0000000000
40511  -56.591  -30.186  21.213 0.0000000000
40512  -56.865  -30.337  21.288 0.0000000000
40513  -57.491  -30.472  21.332 0.0000000000
40520  -56.566  -30.301  20.834 0.0000000000
40521  -57.137  -30.610  20.648 0.0000000000
40522  -58.025  -30.714  20.696 0.0000000000
40523  -58.668  -30.482  20.305 0.0000000000
40534  -58.359  -30.908  19.613 0.0000000000
40535  -59.141  -30.402  19.528 0.0000000000
40545  -57.919  -31.261  18.529 0.0000000000
40546  -58.793  -31.033  18.720 0.0000000000
40547  -59.518  -30.502  18.352 0.0000000000
40548  -60.054  -30.037  17.860 0.0000000000
40561  -57.808  -31.372  17.747 0.0000000000
40562  -59.800  -30.481  17.454 0.0000000000
40563  -60.269  -29.977  17.189 0.0000000000
40581  -60.029  -30.458  16.774 0.0000000000
40582  -60.474  -30.007  16.430 0.0000000000
40603  -60.210  -30.501  16.170 0.0000000000
41472  -56.344  -29.775  21.441 0.0000000000
41473  -57.185  -30.072  21.979 0.0000000000
41474  -58.215  -30.017  21.772 0.0000000000
41475  -58.788  -29.768  21.346 0.0000000000
41487  -56.008  -30.094  20.412 0.0000000000
41488  -58.579  -30.218  20.967 0.0000000000
41489  -59.111  -29.810  20.595 0.0000000000
41504  -59.550  -29.524  19.801 0.0000000000
41505  -59.871  -29.305  19.254 0.0000000000
41519  -59.634  -29.899  19.098 0.0000000000
41520  -60.068  -29.542  18.542 0.0000000000
41535  -60.441  -29.375  17.720 0.0000000000
42446  -59.846  -28.690  19.710 0.0000000000
42447  -60.154  -28.677  19.079 0.0000000000
42461  -60.447  -28.605  18.320 0.0000000000
43403  -59.950  -27.606  20.123 0.0000000000
43404  -60.255  -26.920  19.675 0.0000000000
43419  -60.039  -28.148  19.479 0.0000000000
43420  -60.260  -27.585  19.037 0.0000000000
44410  -60.224  -26.720  18.389 0.0000000000
45416  -59.999  -26.516  17.927 0.0000000000
45435  -60.326  -26.753  17.061 0.0000000000
