#!ascii label  , from subject mni152 vox2ras=TkReg
194
39592  -58.552  -31.277  18.179 0.0000000000
39593  -59.009  -31.146  17.931 0.0000000000
39594  -59.398  -30.861  17.575 0.0000000000
39604  -57.716  -31.359  17.218 0.0000000000
39605  -58.401  -31.375  17.471 0.0000000000
39606  -59.145  -31.172  17.148 0.0000000000
39607  -59.615  -30.839  16.966 0.0000000000
39618  -57.988  -31.353  16.404 0.0000000000
39619  -58.838  -31.303  16.445 0.0000000000
39620  -59.468  -31.041  16.373 0.0000000000
39621  -59.860  -30.759  16.387 0.0000000000
39638  -57.782  -31.147  15.401 0.0000000000
39639  -58.561  -31.246  15.550 0.0000000000
39640  -59.296  -31.131  15.584 0.0000000000
39641  -60.028  -30.813  15.589 0.0000000000
39642  -60.467  -30.565  15.135 0.0000000000
39657  -58.276  -31.142  14.636 0.0000000000
39658  -59.045  -31.146  14.701 0.0000000000
39659  -59.738  -30.991  14.706 0.0000000000
39660  -60.351  -30.696  14.584 0.0000000000
39671  -57.921  -31.230  13.747 0.0000000000
39672  -58.769  -31.219  13.811 0.0000000000
39673  -59.529  -31.164  13.804 0.0000000000
39674  -60.139  -30.925  13.858 0.0000000000
39684  -57.510  -31.475  12.909 0.0000000000
39685  -58.446  -31.463  12.978 0.0000000000
39686  -59.265  -31.463  13.010 0.0000000000
40511  -56.591  -30.186  21.213 0.0000000000
40512  -56.865  -30.337  21.288 0.0000000000
40513  -57.491  -30.472  21.332 0.0000000000
40520  -56.566  -30.301  20.834 0.0000000000
40521  -57.137  -30.610  20.648 0.0000000000
40522  -58.025  -30.714  20.696 0.0000000000
40523  -58.668  -30.482  20.305 0.0000000000
40534  -58.359  -30.908  19.613 0.0000000000
40535  -59.141  -30.402  19.528 0.0000000000
40545  -57.919  -31.261  18.529 0.0000000000
40546  -58.793  -31.033  18.720 0.0000000000
40547  -59.518  -30.502  18.352 0.0000000000
40548  -60.054  -30.037  17.860 0.0000000000
40561  -57.808  -31.372  17.747 0.0000000000
40562  -59.800  -30.481  17.454 0.0000000000
40563  -60.269  -29.977  17.189 0.0000000000
40581  -60.029  -30.458  16.774 0.0000000000
40582  -60.474  -30.007  16.430 0.0000000000
40603  -60.210  -30.501  16.170 0.0000000000
41440  -56.630  -28.746  22.683 0.0000000000
41441  -57.062  -28.779  22.901 0.0000000000
41442  -57.453  -28.644  23.007 0.0000000000
41456  -55.925  -28.699  22.090 0.0000000000
41457  -56.213  -28.912  22.225 0.0000000000
41458  -56.781  -29.369  22.436 0.0000000000
41459  -57.619  -29.211  22.599 0.0000000000
41470  -55.177  -28.521  21.322 0.0000000000
41471  -55.626  -28.764  21.606 0.0000000000
41472  -56.344  -29.775  21.441 0.0000000000
41473  -57.185  -30.072  21.979 0.0000000000
41474  -58.215  -30.017  21.772 0.0000000000
41475  -58.788  -29.768  21.346 0.0000000000
41485  -54.718  -28.549  20.761 0.0000000000
41486  -55.488  -29.375  20.588 0.0000000000
41487  -56.008  -30.094  20.412 0.0000000000
41488  -58.579  -30.218  20.967 0.0000000000
41489  -59.111  -29.810  20.595 0.0000000000
41504  -59.550  -29.524  19.801 0.0000000000
41505  -59.871  -29.305  19.254 0.0000000000
41519  -59.634  -29.899  19.098 0.0000000000
41520  -60.068  -29.542  18.542 0.0000000000
41535  -60.441  -29.375  17.720 0.0000000000
41557  -60.911  -29.382  15.918 0.0000000000
41558  -61.225  -29.033  15.267 0.0000000000
41570  -61.391  -29.115  14.528 0.0000000000
41574  -61.576  -29.358  13.517 0.0000000000
42358  -56.382  -27.644  23.722 0.0000000000
42359  -56.912  -27.827  23.875 0.0000000000
42360  -57.508  -27.863  23.884 0.0000000000
42361  -57.924  -27.752  23.810 0.0000000000
42374  -55.787  -27.706  22.855 0.0000000000
42375  -56.243  -27.914  23.000 0.0000000000
42376  -56.720  -28.186  23.130 0.0000000000
42377  -57.252  -28.262  23.327 0.0000000000
42378  -57.916  -28.259  23.227 0.0000000000
42394  -54.973  -27.647  22.133 0.0000000000
42395  -55.524  -27.928  22.234 0.0000000000
42396  -55.931  -28.341  22.341 0.0000000000
42397  -56.354  -28.428  22.688 0.0000000000
42398  -58.620  -28.781  22.346 0.0000000000
42399  -59.173  -28.327  21.951 0.0000000000
42412  -55.124  -28.205  21.568 0.0000000000
42413  -55.585  -28.316  21.943 0.0000000000
42414  -58.740  -29.466  21.783 0.0000000000
42415  -59.153  -29.020  21.467 0.0000000000
42429  -54.597  -28.140  21.118 0.0000000000
42430  -59.564  -28.773  20.532 0.0000000000
42446  -59.846  -28.690  19.710 0.0000000000
42447  -60.154  -28.677  19.079 0.0000000000
42461  -60.447  -28.605  18.320 0.0000000000
42482  -61.153  -28.314  16.340 0.0000000000
42489  -61.009  -28.795  16.352 0.0000000000
42490  -61.241  -28.518  15.797 0.0000000000
42501  -61.506  -28.390  14.985 0.0000000000
42504  -61.799  -28.329  14.029 0.0000000000
42506  -62.156  -28.373  12.901 0.0000000000
43298  -55.535  -26.775  26.028 0.0000000000
43299  -56.145  -26.985  26.137 0.0000000000
43314  -55.455  -26.714  25.220 0.0000000000
43315  -55.995  -27.123  25.317 0.0000000000
43316  -56.890  -27.124  25.568 0.0000000000
43328  -54.768  -26.577  24.261 0.0000000000
43329  -55.128  -26.665  24.479 0.0000000000
43330  -55.851  -27.171  24.320 0.0000000000
43331  -56.501  -27.456  24.583 0.0000000000
43332  -57.200  -27.512  24.585 0.0000000000
43344  -54.652  -26.755  23.690 0.0000000000
43345  -55.408  -27.206  23.472 0.0000000000
43346  -55.967  -27.498  23.468 0.0000000000
43347  -58.370  -27.429  23.702 0.0000000000
43348  -58.872  -27.191  23.236 0.0000000000
43366  -54.804  -27.226  22.833 0.0000000000
43367  -55.344  -27.533  22.701 0.0000000000
43368  -58.576  -27.849  22.991 0.0000000000
43369  -59.179  -27.561  22.468 0.0000000000
43388  -59.568  -27.779  21.382 0.0000000000
43403  -59.950  -27.606  20.123 0.0000000000
43404  -60.255  -26.920  19.675 0.0000000000
43419  -60.039  -28.148  19.479 0.0000000000
43420  -60.260  -27.585  19.037 0.0000000000
43448  -61.149  -27.922  16.586 0.0000000000
43449  -61.277  -27.858  16.112 0.0000000000
43458  -61.467  -27.791  15.506 0.0000000000
43470  -61.677  -27.485  14.654 0.0000000000
43473  -62.177  -27.167  13.427 0.0000000000
44298  -55.937  -26.629  27.063 0.0000000000
44299  -56.742  -26.621  26.537 0.0000000000
44322  -57.354  -26.549  26.205 0.0000000000
44342  -58.616  -26.332  24.424 0.0000000000
44358  -58.876  -26.577  23.852 0.0000000000
44370  -59.288  -26.485  23.070 0.0000000000
44382  -59.790  -26.273  22.016 0.0000000000
44383  -60.210  -25.867  21.123 0.0000000000
44392  -59.965  -26.744  20.983 0.0000000000
44393  -60.329  -26.219  20.245 0.0000000000
44402  -60.249  -26.251  19.299 0.0000000000
44410  -60.224  -26.720  18.389 0.0000000000
44419  -57.548  -26.395  17.130 0.0000000000
44420  -58.528  -26.249  17.256 0.0000000000
44421  -58.938  -26.208  17.306 0.0000000000
44434  -59.384  -26.419  16.636 0.0000000000
44436  -60.968  -27.184  16.417 0.0000000000
44437  -61.324  -27.457  15.889 0.0000000000
44456  -60.883  -26.525  15.488 0.0000000000
44457  -61.354  -27.085  15.419 0.0000000000
45311  -57.912  -25.977  26.154 0.0000000000
45312  -58.291  -25.951  25.473 0.0000000000
45328  -58.637  -25.861  24.808 0.0000000000
45329  -58.945  -25.851  24.246 0.0000000000
45339  -59.246  -25.785  23.697 0.0000000000
45347  -59.601  -25.517  22.978 0.0000000000
45359  -59.928  -25.123  22.312 0.0000000000
45360  -60.265  -25.095  21.594 0.0000000000
45381  -60.552  -25.049  19.748 0.0000000000
45395  -58.221  -25.039  18.715 0.0000000000
45396  -59.197  -24.902  18.600 0.0000000000
45397  -60.044  -25.093  18.756 0.0000000000
45413  -57.833  -25.845  17.979 0.0000000000
45414  -58.828  -25.830  17.979 0.0000000000
45415  -59.518  -25.919  18.092 0.0000000000
45416  -59.999  -26.516  17.927 0.0000000000
45433  -59.329  -26.189  17.464 0.0000000000
45434  -59.844  -26.377  17.248 0.0000000000
45435  -60.326  -26.753  17.061 0.0000000000
46330  -57.840  -25.222  26.412 0.0000000000
46347  -58.289  -25.275  25.834 0.0000000000
46348  -58.618  -25.283  25.191 0.0000000000
46372  -58.957  -25.214  24.472 0.0000000000
46373  -59.124  -25.421  24.049 0.0000000000
46398  -59.042  -24.666  24.245 0.0000000000
46399  -59.344  -24.912  23.716 0.0000000000
46410  -59.766  -24.592  22.846 0.0000000000
46424  -60.274  -24.287  22.104 0.0000000000
46439  -61.037  -24.011  20.277 0.0000000000
46449  -57.550  -23.680  19.368 0.0000000000
46450  -57.879  -23.535  19.257 0.0000000000
46451  -60.922  -23.802  19.265 0.0000000000
46468  -58.648  -23.778  18.887 0.0000000000
46469  -59.722  -23.652  18.419 0.0000000000
47370  -57.630  -24.695  26.518 0.0000000000
47381  -58.033  -24.475  25.845 0.0000000000
47382  -58.449  -24.878  25.460 0.0000000000
47396  -58.195  -23.861  24.832 0.0000000000
47397  -58.653  -24.604  24.856 0.0000000000
47427  -59.033  -23.996  23.835 0.0000000000
47428  -59.486  -24.260  23.247 0.0000000000
47452  -59.734  -23.613  22.556 0.0000000000
