#!ascii label  , from subject mni152 vox2ras=TkReg
1116
42264  58.769  -26.819  23.647 0.0000000000
42265  57.483  -26.970  23.873 0.0000000000
42284  58.934  -26.528  22.670 0.0000000000
42350  62.964  -27.240  18.964 0.0000000000
42351  62.301  -27.244  19.708 0.0000000000
42352  61.335  -27.131  19.844 0.0000000000
42353  60.708  -26.946  19.923 0.0000000000
42354  60.314  -26.863  19.856 0.0000000000
42355  50.512  -27.114  20.170 0.0000000000
42371  63.117  -27.349  18.010 0.0000000000
42372  62.447  -27.502  18.518 0.0000000000
42373  61.663  -27.434  18.929 0.0000000000
42374  60.857  -27.077  19.181 0.0000000000
42375  60.530  -26.930  19.556 0.0000000000
42391  63.312  -27.441  17.017 0.0000000000
42392  62.622  -27.570  17.480 0.0000000000
42393  61.896  -27.596  17.907 0.0000000000
42394  61.172  -27.325  18.275 0.0000000000
42405  64.074  -27.471  15.678 0.0000000000
42406  63.498  -27.680  16.092 0.0000000000
42407  62.790  -27.720  16.513 0.0000000000
42408  62.098  -27.594  16.904 0.0000000000
42409  61.367  -27.435  17.275 0.0000000000
42412  64.156  -27.425  14.873 0.0000000000
42413  63.595  -27.798  15.181 0.0000000000
42414  62.878  -27.942  15.578 0.0000000000
42415  62.211  -27.754  15.991 0.0000000000
42416  61.583  -27.510  16.279 0.0000000000
42420  64.166  -27.172  13.961 0.0000000000
42421  63.630  -27.601  14.261 0.0000000000
42422  62.958  -27.872  14.597 0.0000000000
42423  62.091  -27.700  15.038 0.0000000000
42424  61.783  -27.595  15.644 0.0000000000
42429  64.086  -26.893  12.977 0.0000000000
42430  63.605  -27.292  13.307 0.0000000000
42431  63.038  -27.556  13.682 0.0000000000
42432  62.385  -27.533  14.013 0.0000000000
42436  64.037  -26.754  12.016 0.0000000000
42437  63.610  -27.017  12.347 0.0000000000
42438  62.909  -27.181  12.651 0.0000000000
42439  62.583  -27.324  13.362 0.0000000000
42443  64.096  -26.790  11.169 0.0000000000
42444  63.682  -26.898  11.448 0.0000000000
42445  63.265  -27.013  11.762 0.0000000000
42457  64.559  -26.872  10.002 0.0000000000
42458  64.286  -26.936  10.414 0.0000000000
42459  63.782  -26.995  10.633 0.0000000000
42460  63.293  -26.975  10.968 0.0000000000
42472  64.558  -26.923  9.758 0.0000000000
42473  64.353  -27.052  9.781 0.0000000000
42474  63.880  -27.144  9.878 0.0000000000
42475  63.369  -26.984  10.159 0.0000000000
42478  64.134  -27.057  9.469 0.0000000000
42479  63.839  -26.967  9.360 0.0000000000
43200  58.029  -26.499  23.063 0.0000000000
43201  56.934  -26.611  23.228 0.0000000000
43211  59.371  -26.530  21.825 0.0000000000
43212  58.470  -26.330  22.145 0.0000000000
43213  57.423  -26.233  22.408 0.0000000000
43231  58.910  -26.399  21.250 0.0000000000
43232  57.913  -26.144  21.433 0.0000000000
43233  56.754  -25.927  21.658 0.0000000000
43252  63.303  -26.690  19.774 0.0000000000
43253  63.042  -26.832  20.152 0.0000000000
43255  59.349  -26.552  20.520 0.0000000000
43256  58.487  -26.245  20.490 0.0000000000
43257  57.262  -25.871  20.483 0.0000000000
43273  63.292  -26.824  19.377 0.0000000000
43274  62.947  -27.137  19.581 0.0000000000
43275  59.857  -26.744  20.066 0.0000000000
43276  59.200  -26.499  19.755 0.0000000000
43277  58.146  -26.022  19.406 0.0000000000
43278  57.107  -25.692  19.470 0.0000000000
43281  50.974  -26.639  20.102 0.0000000000
43282  50.506  -26.838  19.677 0.0000000000
43293  63.483  -26.931  18.471 0.0000000000
43294  60.540  -26.995  19.021 0.0000000000
43295  60.117  -26.857  19.232 0.0000000000
43296  59.138  -26.434  18.747 0.0000000000
43297  58.283  -26.003  18.213 0.0000000000
43314  63.705  -27.041  17.527 0.0000000000
43315  60.561  -27.040  18.608 0.0000000000
43316  59.915  -26.789  18.178 0.0000000000
43317  59.091  -26.385  17.660 0.0000000000
43318  58.325  -25.976  17.226 0.0000000000
43337  64.308  -27.195  15.904 0.0000000000
43338  64.052  -27.154  16.488 0.0000000000
43339  60.627  -27.119  17.678 0.0000000000
43340  59.923  -26.729  17.095 0.0000000000
43341  58.984  -26.245  16.495 0.0000000000
43342  58.312  -25.903  16.587 0.0000000000
43353  64.441  -27.106  15.448 0.0000000000
43354  60.785  -27.180  16.592 0.0000000000
43355  60.054  -26.698  15.951 0.0000000000
43356  59.282  -26.207  15.420 0.0000000000
43360  64.547  -26.867  14.699 0.0000000000
43361  61.676  -27.468  14.901 0.0000000000
43362  61.203  -27.232  15.294 0.0000000000
43363  60.115  -26.552  14.829 0.0000000000
43364  59.343  -26.078  14.489 0.0000000000
43369  64.549  -26.491  13.687 0.0000000000
43370  61.695  -27.347  14.386 0.0000000000
43371  60.918  -26.817  14.061 0.0000000000
43372  59.868  -26.256  13.785 0.0000000000
43373  59.331  -26.010  13.988 0.0000000000
43377  64.642  -26.072  12.141 0.0000000000
43378  64.422  -26.437  12.566 0.0000000000
43379  62.387  -26.953  12.257 0.0000000000
43380  61.874  -26.977  13.079 0.0000000000
43381  60.671  -26.497  13.021 0.0000000000
43382  59.921  -26.185  12.929 0.0000000000
43390  64.695  -26.193  11.391 0.0000000000
43391  64.382  -26.488  11.698 0.0000000000
43392  62.695  -26.937  11.528 0.0000000000
43393  61.913  -26.743  11.820 0.0000000000
43394  61.105  -26.524  12.133 0.0000000000
43395  60.296  -26.264  12.208 0.0000000000
43409  64.744  -26.448  10.515 0.0000000000
43410  64.446  -26.609  11.016 0.0000000000
43411  62.783  -26.844  10.531 0.0000000000
43412  62.077  -26.709  10.923 0.0000000000
43413  61.161  -26.413  11.131 0.0000000000
43414  60.640  -26.321  11.649 0.0000000000
43423  64.713  -26.599  9.628 0.0000000000
43424  64.397  -26.943  9.435 0.0000000000
43425  63.474  -26.879  9.551 0.0000000000
43426  62.893  -26.670  9.674 0.0000000000
43427  62.171  -26.534  10.209 0.0000000000
43428  61.646  -26.460  10.574 0.0000000000
43433  64.237  -26.666  9.062 0.0000000000
43434  63.577  -26.616  9.130 0.0000000000
43435  63.234  -26.616  9.329 0.0000000000
44230  63.411  -26.300  19.720 0.0000000000
44232  56.281  -25.528  19.897 0.0000000000
44233  55.285  -25.396  20.265 0.0000000000
44248  63.539  -26.324  18.837 0.0000000000
44249  57.369  -25.682  18.599 0.0000000000
44250  56.441  -25.447  18.916 0.0000000000
44251  55.507  -25.269  19.268 0.0000000000
44252  54.488  -25.166  19.585 0.0000000000
44265  63.786  -26.436  17.919 0.0000000000
44266  57.556  -25.666  17.626 0.0000000000
44267  56.660  -25.383  17.943 0.0000000000
44268  55.736  -25.186  18.295 0.0000000000
44269  54.812  -25.013  18.607 0.0000000000
44270  53.731  -24.980  18.725 0.0000000000
44282  64.033  -26.599  17.113 0.0000000000
44283  57.756  -25.674  16.790 0.0000000000
44284  56.962  -25.343  16.988 0.0000000000
44285  55.934  -25.001  17.238 0.0000000000
44286  55.125  -24.919  17.810 0.0000000000
44287  54.291  -24.824  17.902 0.0000000000
44303  64.446  -26.900  15.963 0.0000000000
44304  64.394  -26.417  16.386 0.0000000000
44305  58.468  -25.941  16.262 0.0000000000
44306  58.061  -25.732  16.181 0.0000000000
44307  57.377  -25.441  16.153 0.0000000000
44308  56.493  -25.036  16.171 0.0000000000
44325  64.642  -26.503  15.501 0.0000000000
44326  64.633  -25.999  15.890 0.0000000000
44327  58.553  -25.914  15.802 0.0000000000
44328  57.937  -25.596  15.504 0.0000000000
44329  57.139  -25.226  15.302 0.0000000000
44330  56.474  -24.920  15.402 0.0000000000
44335  64.728  -26.214  14.678 0.0000000000
44336  58.643  -25.799  14.971 0.0000000000
44337  57.910  -25.488  14.634 0.0000000000
44338  57.162  -25.162  14.390 0.0000000000
44342  64.706  -25.861  14.005 0.0000000000
44343  59.328  -25.984  13.740 0.0000000000
44344  58.801  -25.756  13.970 0.0000000000
44345  57.844  -25.421  13.699 0.0000000000
44346  56.909  -25.085  13.533 0.0000000000
44352  64.663  -25.808  12.334 0.0000000000
44353  64.656  -25.752  12.906 0.0000000000
44354  59.334  -25.948  13.294 0.0000000000
44355  58.632  -25.674  13.003 0.0000000000
44356  57.719  -25.398  12.739 0.0000000000
44357  56.707  -25.066  12.531 0.0000000000
44369  64.715  -25.575  11.952 0.0000000000
44370  64.632  -25.224  12.455 0.0000000000
44371  59.471  -25.953  12.424 0.0000000000
44372  58.679  -25.650  12.006 0.0000000000
44373  57.656  -25.360  11.771 0.0000000000
44374  56.742  -25.055  11.576 0.0000000000
44388  64.895  -25.669  11.041 0.0000000000
44389  60.766  -26.195  10.814 0.0000000000
44390  60.025  -26.018  11.235 0.0000000000
44391  58.639  -25.527  11.003 0.0000000000
44392  57.583  -25.206  10.931 0.0000000000
44393  56.679  -24.901  10.837 0.0000000000
44399  65.028  -25.696  10.158 0.0000000000
44400  62.752  -26.421  9.415 0.0000000000
44401  62.311  -26.298  9.589 0.0000000000
44402  61.126  -26.068  10.193 0.0000000000
44403  59.605  -25.464  9.991 0.0000000000
44404  58.421  -25.173  10.282 0.0000000000
44405  57.498  -24.876  10.312 0.0000000000
44406  56.650  -24.657  10.261 0.0000000000
44412  64.866  -25.636  9.307 0.0000000000
44416  61.862  -25.598  9.236 0.0000000000
44417  60.599  -25.188  9.354 0.0000000000
44418  59.884  -25.148  9.475 0.0000000000
45278  63.369  -25.598  19.966 0.0000000000
45289  63.414  -25.668  19.187 0.0000000000
45290  63.105  -24.936  19.650 0.0000000000
45291  62.759  -24.561  19.489 0.0000000000
45301  63.661  -25.777  18.256 0.0000000000
45302  63.238  -25.182  18.617 0.0000000000
45303  62.815  -24.685  18.945 0.0000000000
45315  64.066  -25.921  17.224 0.0000000000
45316  63.498  -25.315  17.612 0.0000000000
45317  62.944  -24.768  18.007 0.0000000000
45318  55.666  -24.763  16.415 0.0000000000
45319  54.869  -24.680  16.989 0.0000000000
45320  53.755  -24.601  17.262 0.0000000000
45331  64.354  -25.801  16.384 0.0000000000
45332  63.881  -25.365  16.619 0.0000000000
45333  63.252  -24.835  16.969 0.0000000000
45334  55.901  -24.729  15.678 0.0000000000
45335  55.120  -24.576  15.962 0.0000000000
45336  54.183  -24.461  16.256 0.0000000000
45353  64.714  -25.935  15.324 0.0000000000
45354  64.374  -25.470  15.689 0.0000000000
45355  63.670  -24.841  15.870 0.0000000000
45356  62.933  -24.522  16.351 0.0000000000
45357  56.684  -24.970  14.878 0.0000000000
45358  56.157  -24.742  14.971 0.0000000000
45359  55.473  -24.578  15.123 0.0000000000
45360  54.642  -24.421  15.284 0.0000000000
45361  53.659  -24.270  15.452 0.0000000000
45373  64.645  -25.598  14.766 0.0000000000
45374  64.194  -25.040  14.860 0.0000000000
45375  63.546  -24.581  14.900 0.0000000000
45376  56.502  -24.886  14.331 0.0000000000
45377  55.870  -24.664  14.401 0.0000000000
45378  55.149  -24.487  14.434 0.0000000000
45379  54.286  -24.289  14.473 0.0000000000
45386  64.582  -25.258  13.933 0.0000000000
45387  64.035  -24.627  13.937 0.0000000000
45388  63.354  -24.303  14.228 0.0000000000
45389  56.244  -24.804  13.846 0.0000000000
45390  55.694  -24.634  13.729 0.0000000000
45391  54.942  -24.461  13.619 0.0000000000
45392  54.031  -24.263  13.557 0.0000000000
45401  64.505  -24.943  13.028 0.0000000000
45402  64.002  -24.410  12.939 0.0000000000
45403  56.252  -24.834  13.284 0.0000000000
45423  64.829  -25.158  11.438 0.0000000000
45424  64.469  -24.590  11.921 0.0000000000
45425  63.880  -24.131  12.339 0.0000000000
45441  64.894  -24.746  10.796 0.0000000000
45442  64.539  -24.280  11.151 0.0000000000
45452  64.995  -24.741  9.766 0.0000000000
45453  58.955  -25.031  9.802 0.0000000000
45454  58.327  -24.717  9.819 0.0000000000
45455  57.367  -24.461  9.832 0.0000000000
45471  61.540  -24.579  8.677 0.0000000000
45472  60.648  -24.542  8.885 0.0000000000
45473  59.526  -24.594  9.259 0.0000000000
45474  58.175  -24.116  9.380 0.0000000000
45475  57.093  -23.952  9.359 0.0000000000
45490  62.192  -24.228  8.241 0.0000000000
45491  61.756  -24.150  8.307 0.0000000000
46345  59.432  -23.585  23.617 0.0000000000
46397  62.973  -24.704  20.281 0.0000000000
46398  62.623  -24.316  20.017 0.0000000000
46399  62.082  -23.864  20.306 0.0000000000
46400  61.424  -23.553  20.197 0.0000000000
46411  62.512  -24.347  19.290 0.0000000000
46412  61.996  -23.888  19.395 0.0000000000
46413  61.025  -23.487  19.180 0.0000000000
46422  62.365  -24.344  18.543 0.0000000000
46423  61.608  -23.929  18.253 0.0000000000
46424  60.626  -23.493  18.017 0.0000000000
46433  62.357  -24.408  17.308 0.0000000000
46434  61.309  -23.964  17.039 0.0000000000
46435  60.230  -23.558  16.829 0.0000000000
46446  63.053  -24.461  15.601 0.0000000000
46447  62.162  -24.273  15.968 0.0000000000
46448  60.956  -23.948  15.820 0.0000000000
46449  59.885  -23.512  15.649 0.0000000000
46457  62.774  -24.286  14.881 0.0000000000
46458  61.763  -24.027  14.789 0.0000000000
46459  60.611  -23.690  14.653 0.0000000000
46460  59.601  -23.330  14.568 0.0000000000
46463  63.536  -24.214  13.562 0.0000000000
46464  62.677  -23.983  13.816 0.0000000000
46465  61.435  -23.645  13.664 0.0000000000
46466  60.162  -23.261  13.514 0.0000000000
46467  59.406  -23.100  13.895 0.0000000000
46471  63.360  -23.964  12.842 0.0000000000
46472  62.356  -23.555  12.731 0.0000000000
46473  61.059  -23.169  12.559 0.0000000000
46474  60.304  -23.048  12.795 0.0000000000
46485  64.257  -24.051  11.323 0.0000000000
46486  63.466  -23.643  11.634 0.0000000000
46487  61.990  -23.125  11.833 0.0000000000
46488  61.279  -22.888  11.893 0.0000000000
46490  64.928  -24.175  10.190 0.0000000000
46491  64.354  -23.672  10.584 0.0000000000
46494  64.862  -23.583  9.535 0.0000000000
46498  61.054  -24.189  8.561 0.0000000000
46499  60.492  -23.995  8.629 0.0000000000
46500  59.768  -23.718  8.685 0.0000000000
46501  58.882  -23.609  8.863 0.0000000000
46517  61.451  -23.584  7.975 0.0000000000
47441  58.657  -23.240  23.789 0.0000000000
47442  57.869  -22.770  24.027 0.0000000000
47457  58.941  -23.232  22.842 0.0000000000
47458  58.063  -22.853  22.997 0.0000000000
47459  57.193  -22.397  23.262 0.0000000000
47472  59.404  -23.178  21.904 0.0000000000
47473  58.392  -22.863  21.953 0.0000000000
47474  57.359  -22.532  22.112 0.0000000000
47484  58.845  -22.815  20.930 0.0000000000
47485  57.777  -22.525  20.947 0.0000000000
47493  60.463  -23.178  20.220 0.0000000000
47494  59.404  -22.831  19.963 0.0000000000
47495  58.346  -22.523  19.853 0.0000000000
47496  57.238  -22.240  19.804 0.0000000000
47506  60.015  -23.073  18.994 0.0000000000
47507  58.958  -22.666  18.805 0.0000000000
47508  57.839  -22.303  18.665 0.0000000000
47509  56.791  -22.006  18.651 0.0000000000
47519  59.578  -23.068  17.803 0.0000000000
47520  58.490  -22.598  17.574 0.0000000000
47521  57.147  -22.122  17.304 0.0000000000
47522  56.418  -21.822  17.927 0.0000000000
47531  59.194  -23.090  16.599 0.0000000000
47532  58.155  -22.641  16.301 0.0000000000
47533  57.207  -22.290  15.826 0.0000000000
47544  58.917  -23.074  15.423 0.0000000000
47545  58.025  -22.638  15.086 0.0000000000
47546  57.178  -22.238  14.699 0.0000000000
47556  58.814  -22.943  14.345 0.0000000000
47557  58.007  -22.463  13.979 0.0000000000
47558  57.184  -21.964  13.763 0.0000000000
47562  59.915  -22.958  12.927 0.0000000000
47563  59.145  -22.696  13.228 0.0000000000
47564  57.947  -21.940  12.970 0.0000000000
47565  57.291  -21.631  13.339 0.0000000000
47573  60.909  -22.793  11.983 0.0000000000
47574  60.153  -22.660  12.279 0.0000000000
47575  58.970  -21.987  12.135 0.0000000000
47576  58.299  -21.631  12.398 0.0000000000
47588  61.191  -22.393  11.287 0.0000000000
47589  59.914  -21.972  11.592 0.0000000000
47590  59.358  -21.676  11.637 0.0000000000
47594  62.259  -22.254  10.548 0.0000000000
47595  61.617  -21.931  10.612 0.0000000000
48682  56.542  -22.090  21.054 0.0000000000
48684  54.699  -21.023  20.246 0.0000000000
48690  56.199  -21.865  19.671 0.0000000000
48691  55.265  -21.473  19.421 0.0000000000
48692  54.480  -20.928  19.188 0.0000000000
48700  55.912  -21.689  18.532 0.0000000000
48701  55.019  -21.345  18.305 0.0000000000
48702  54.275  -20.761  18.194 0.0000000000
48712  55.783  -21.612  17.220 0.0000000000
48713  54.687  -21.094  17.287 0.0000000000
48751  56.753  -21.241  13.692 0.0000000000
48757  57.956  -21.179  12.590 0.0000000000
48758  57.419  -21.361  13.096 0.0000000000
48768  59.075  -21.225  11.695 0.0000000000
48769  58.530  -21.363  12.142 0.0000000000
48776  61.190  -21.380  10.638 0.0000000000
48777  60.325  -21.495  11.094 0.0000000000
48778  59.648  -21.463  11.396 0.0000000000
48782  61.994  -21.570  10.302 0.0000000000
49836  58.225  -20.514  12.945 0.0000000000
49837  57.441  -20.793  13.234 0.0000000000
49849  59.371  -20.531  11.977 0.0000000000
49850  58.638  -20.802  12.271 0.0000000000
49855  61.391  -20.547  10.842 0.0000000000
49856  60.589  -20.732  11.075 0.0000000000
49857  59.788  -20.895  11.356 0.0000000000
49862  61.814  -20.944  10.394 0.0000000000
94588  43.434  18.713  31.189 0.0000000000
94589  42.722  18.676  31.478 0.0000000000
94590  41.740  18.606  31.483 0.0000000000
94600  44.480  18.811  30.257 0.0000000000
94601  43.783  18.676  30.547 0.0000000000
94616  43.894  18.538  29.665 0.0000000000
94691  47.459  18.817  23.131 0.0000000000
94704  45.759  18.548  22.321 0.0000000000
94705  44.884  18.760  22.221 0.0000000000
94706  44.087  18.791  22.124 0.0000000000
95696  44.096  18.879  31.350 0.0000000000
95772  47.172  19.442  23.449 0.0000000000
95773  45.995  19.757  23.316 0.0000000000
95774  45.044  19.976  23.200 0.0000000000
95775  44.484  20.079  23.163 0.0000000000
95782  47.034  18.746  22.939 0.0000000000
95783  46.327  19.009  22.870 0.0000000000
95784  45.390  19.285  22.762 0.0000000000
95785  44.340  19.516  22.716 0.0000000000
95786  43.209  19.089  22.336 0.0000000000
95787  42.100  19.312  22.411 0.0000000000
95800  42.969  18.564  21.785 0.0000000000
95801  42.394  18.688  21.869 0.0000000000
95802  41.509  18.838  21.889 0.0000000000
96778  46.528  20.294  23.892 0.0000000000
96779  45.537  20.426  23.752 0.0000000000
96780  44.473  20.589  23.660 0.0000000000
96781  43.356  20.474  23.451 0.0000000000
96782  42.247  20.561  23.476 0.0000000000
96789  44.046  20.130  23.154 0.0000000000
96790  43.535  19.824  22.921 0.0000000000
96791  42.691  19.861  22.949 0.0000000000
96792  41.677  19.993  22.924 0.0000000000
97830  44.402  21.358  24.533 0.0000000000
97841  43.674  21.079  24.022 0.0000000000
97842  42.769  21.166  24.020 0.0000000000
97843  41.734  21.201  24.037 0.0000000000
100940  14.546  24.709  42.829 0.0000000000
100954  15.001  24.564  41.734 0.0000000000
100964  16.691  24.511  40.668 0.0000000000
100965  15.719  24.601  40.862 0.0000000000
100966  15.133  24.877  41.004 0.0000000000
101913  14.786  25.154  41.119 0.0000000000
101926  16.198  25.101  40.095 0.0000000000
101927  15.164  25.394  40.495 0.0000000000
101928  14.558  25.647  40.916 0.0000000000
101938  17.085  26.039  39.608 0.0000000000
101939  16.518  25.824  39.627 0.0000000000
101940  15.670  25.764  39.818 0.0000000000
102803  20.209  27.572  42.814 0.0000000000
102829  17.431  26.515  39.595 0.0000000000
102830  14.623  25.926  40.543 0.0000000000
102839  16.740  26.536  39.233 0.0000000000
102840  15.800  26.432  39.323 0.0000000000
102841  14.789  26.370  39.965 0.0000000000
103654  12.035  27.550  46.370 0.0000000000
103659  12.008  27.693  45.534 0.0000000000
103665  12.012  27.810  44.454 0.0000000000
103668  20.273  28.396  42.827 0.0000000000
103669  19.943  28.102  42.194 0.0000000000
103671  11.954  28.177  43.345 0.0000000000
103675  19.475  27.772  41.518 0.0000000000
103676  18.990  27.650  40.864 0.0000000000
103689  18.302  27.634  39.953 0.0000000000
103701  17.969  28.160  39.395 0.0000000000
103702  17.288  27.589  39.020 0.0000000000
103713  16.736  28.137  38.559 0.0000000000
103714  16.259  27.822  38.534 0.0000000000
103715  15.686  27.600  38.680 0.0000000000
104466  11.645  28.111  46.228 0.0000000000
104473  11.528  28.404  45.381 0.0000000000
104485  20.075  29.066  42.506 0.0000000000
104486  11.542  29.107  43.189 0.0000000000
104490  19.579  28.852  41.589 0.0000000000
104491  19.289  28.248  41.143 0.0000000000
104501  19.321  29.285  41.172 0.0000000000
104502  19.004  28.753  40.667 0.0000000000
104513  18.352  28.772  39.726 0.0000000000
104515  14.725  28.024  38.904 0.0000000000
104525  17.069  28.645  38.541 0.0000000000
104526  16.272  28.549  38.289 0.0000000000
104527  15.323  28.194  38.521 0.0000000000
104528  14.638  28.344  38.801 0.0000000000
105265  19.751  29.957  42.173 0.0000000000
105266  19.397  30.272  41.624 0.0000000000
105274  19.454  29.653  41.503 0.0000000000
105275  19.133  29.886  40.994 0.0000000000
105287  18.670  29.752  40.161 0.0000000000
105288  18.110  29.667  39.364 0.0000000000
105298  17.456  29.552  38.691 0.0000000000
105299  16.596  29.461  38.215 0.0000000000
105300  15.538  29.233  38.110 0.0000000000
105301  14.592  28.931  38.551 0.0000000000
106039  20.185  30.950  43.589 0.0000000000
106045  19.838  30.869  42.836 0.0000000000
106046  19.469  30.897  42.132 0.0000000000
106047  11.684  30.782  42.174 0.0000000000
106052  19.122  30.927  41.335 0.0000000000
106053  18.774  31.206  40.689 0.0000000000
106055  12.158  30.790  41.028 0.0000000000
106066  18.812  30.535  40.593 0.0000000000
106067  18.327  30.884  39.815 0.0000000000
106081  17.092  30.521  38.414 0.0000000000
106082  15.928  30.339  37.932 0.0000000000
106083  14.631  30.145  38.218 0.0000000000
106429  48.967  31.136  -6.838 0.0000000000
106437  49.172  31.019  -7.971 0.0000000000
106444  50.055  31.310  -9.424 0.0000000000
106445  49.589  30.861  -9.167 0.0000000000
106453  50.141  31.181  -9.896 0.0000000000
106460  50.373  30.787  -10.871 0.0000000000
106480  51.570  30.952  -13.544 0.0000000000
106483  47.073  30.772  -13.146 0.0000000000
106487  51.756  30.722  -14.585 0.0000000000
106489  48.185  30.539  -15.121 0.0000000000
106494  52.064  30.759  -15.772 0.0000000000
106499  52.770  31.425  -17.197 0.0000000000
106500  52.410  30.808  -16.934 0.0000000000
106501  49.189  30.810  -17.630 0.0000000000
106506  52.571  31.192  -17.619 0.0000000000
106507  52.282  30.606  -18.028 0.0000000000
106529  38.893  31.440  -22.823 0.0000000000
106533  39.360  31.323  -23.700 0.0000000000
106534  38.821  30.542  -23.199 0.0000000000
106805  20.346  31.767  44.103 0.0000000000
106810  19.842  31.795  43.323 0.0000000000
106811  19.520  32.104  42.789 0.0000000000
106817  19.568  31.510  42.649 0.0000000000
106818  19.276  31.796  42.088 0.0000000000
106819  11.829  31.828  41.894 0.0000000000
106823  18.955  31.823  41.240 0.0000000000
106824  18.643  31.821  40.478 0.0000000000
106825  12.616  31.258  40.155 0.0000000000
106826  12.169  31.956  40.911 0.0000000000
106835  18.292  31.886  39.911 0.0000000000
106836  17.912  31.702  39.321 0.0000000000
106838  13.331  31.525  39.218 0.0000000000
106848  17.311  31.554  38.663 0.0000000000
106849  16.464  31.393  38.036 0.0000000000
106850  15.115  31.384  37.835 0.0000000000
107173  49.407  31.846  -6.253 0.0000000000
107182  50.169  32.294  -6.841 0.0000000000
107183  49.598  31.695  -7.392 0.0000000000
107191  50.323  32.111  -7.973 0.0000000000
107192  49.815  31.528  -8.450 0.0000000000
107202  49.955  31.418  -8.940 0.0000000000
107230  45.857  30.603  -11.383 0.0000000000
107231  45.320  31.130  -11.067 0.0000000000
107239  46.146  31.075  -11.999 0.0000000000
107240  45.553  31.745  -11.927 0.0000000000
107244  52.714  31.975  -13.693 0.0000000000
107245  52.221  31.433  -14.137 0.0000000000
107246  47.234  30.983  -13.466 0.0000000000
107247  46.755  31.392  -13.143 0.0000000000
107250  52.936  31.992  -14.715 0.0000000000
107251  52.478  31.420  -15.207 0.0000000000
107252  48.011  30.868  -14.750 0.0000000000
107253  47.551  31.332  -14.209 0.0000000000
107254  46.806  32.102  -13.977 0.0000000000
107259  53.307  32.108  -15.759 0.0000000000
107260  52.696  31.415  -16.231 0.0000000000
107261  48.163  31.284  -15.342 0.0000000000
107262  47.772  32.034  -15.064 0.0000000000
107267  53.181  31.948  -16.797 0.0000000000
107268  52.775  31.397  -16.812 0.0000000000
107269  49.241  31.521  -17.526 0.0000000000
107270  48.722  31.430  -16.615 0.0000000000
107274  52.834  31.800  -17.695 0.0000000000
107275  52.444  31.354  -18.076 0.0000000000
107276  50.641  31.795  -18.659 0.0000000000
107277  49.942  31.540  -18.271 0.0000000000
107280  52.424  31.843  -18.232 0.0000000000
107281  51.958  31.356  -18.578 0.0000000000
107282  50.980  31.238  -18.935 0.0000000000
107283  50.330  30.582  -18.817 0.0000000000
107299  38.897  32.100  -22.497 0.0000000000
107302  39.316  32.175  -23.143 0.0000000000
107304  39.553  32.307  -24.281 0.0000000000
107580  20.080  32.575  43.834 0.0000000000
107581  11.541  32.558  43.636 0.0000000000
107582  11.513  33.007  44.245 0.0000000000
107585  19.695  32.670  43.222 0.0000000000
107586  19.433  32.647  42.526 0.0000000000
107587  11.703  32.742  42.739 0.0000000000
107590  19.181  32.570  41.774 0.0000000000
107591  12.281  32.881  40.815 0.0000000000
107592  12.070  32.828  41.362 0.0000000000
107597  18.886  32.556  40.992 0.0000000000
107598  18.532  32.520  40.278 0.0000000000
107599  12.542  32.493  40.351 0.0000000000
107600  12.222  32.450  40.859 0.0000000000
107605  18.113  32.472  39.648 0.0000000000
107608  13.304  32.699  39.210 0.0000000000
107616  16.975  32.298  38.336 0.0000000000
107617  16.069  32.285  37.706 0.0000000000
107618  14.874  32.512  37.780 0.0000000000
107996  44.945  31.951  -11.629 0.0000000000
108005  45.981  31.854  -12.570 0.0000000000
108006  45.169  32.382  -12.518 0.0000000000
108014  53.484  32.390  -14.270 0.0000000000
108015  46.052  32.326  -13.396 0.0000000000
108016  45.156  32.987  -13.641 0.0000000000
108017  44.366  33.406  -13.443 0.0000000000
108024  47.209  32.297  -14.642 0.0000000000
108025  46.321  32.861  -14.551 0.0000000000
108026  45.498  33.419  -14.444 0.0000000000
108032  48.165  32.106  -15.777 0.0000000000
108033  47.433  32.815  -15.481 0.0000000000
108034  46.696  33.361  -15.322 0.0000000000
108040  53.286  32.393  -17.461 0.0000000000
108041  49.240  32.204  -17.348 0.0000000000
108042  48.393  32.682  -16.468 0.0000000000
108043  47.771  33.299  -16.081 0.0000000000
108047  53.428  32.982  -17.576 0.0000000000
108048  52.688  32.608  -18.110 0.0000000000
108049  51.700  32.719  -18.500 0.0000000000
108050  50.684  32.463  -18.433 0.0000000000
108051  49.837  32.675  -17.796 0.0000000000
108054  52.068  32.107  -18.498 0.0000000000
108055  51.408  31.977  -18.696 0.0000000000
108056  50.939  31.883  -18.743 0.0000000000
108073  38.791  32.934  -21.916 0.0000000000
108078  39.045  32.790  -22.342 0.0000000000
108079  38.680  32.338  -22.117 0.0000000000
108081  39.399  33.131  -23.375 0.0000000000
108082  36.929  33.737  -24.246 0.0000000000
108083  36.449  33.629  -24.069 0.0000000000
108087  39.194  33.432  -24.385 0.0000000000
108354  20.350  33.107  44.101 0.0000000000
108355  11.670  33.881  44.216 0.0000000000
108362  20.128  33.375  43.605 0.0000000000
108363  11.701  33.561  43.774 0.0000000000
108364  11.610  33.458  44.256 0.0000000000
108368  19.743  33.345  42.895 0.0000000000
108369  19.502  33.261  42.185 0.0000000000
108370  11.857  33.716  42.506 0.0000000000
108374  19.225  33.234  41.467 0.0000000000
108375  12.323  33.270  40.757 0.0000000000
108376  12.083  33.903  41.440 0.0000000000
108381  18.857  33.299  40.651 0.0000000000
108382  18.408  33.037  39.997 0.0000000000
108383  12.756  33.431  39.980 0.0000000000
108387  18.609  33.579  40.010 0.0000000000
108388  18.001  33.268  39.363 0.0000000000
108389  17.425  32.941  38.672 0.0000000000
108391  13.319  33.649  39.059 0.0000000000
108399  16.926  33.216  37.989 0.0000000000
108400  15.725  33.122  37.433 0.0000000000
108401  14.593  33.347  37.697 0.0000000000
108412  16.482  33.577  37.423 0.0000000000
108413  15.907  33.679  37.095 0.0000000000
108780  56.365  33.508  -10.607 0.0000000000
108789  56.489  33.538  -11.623 0.0000000000
108808  44.809  33.670  -14.029 0.0000000000
108809  44.056  33.980  -13.519 0.0000000000
108816  46.077  33.635  -15.020 0.0000000000
108817  45.407  33.998  -14.605 0.0000000000
108822  47.189  33.551  -15.780 0.0000000000
108823  46.658  33.866  -15.487 0.0000000000
108829  49.750  33.528  -17.374 0.0000000000
108830  49.304  33.240  -17.212 0.0000000000
108831  48.273  33.500  -16.468 0.0000000000
108832  47.616  33.758  -16.117 0.0000000000
108836  52.927  33.500  -17.677 0.0000000000
108837  52.080  33.429  -18.079 0.0000000000
108838  51.092  33.386  -18.144 0.0000000000
108839  50.106  33.351  -17.690 0.0000000000
108840  49.754  33.110  -17.588 0.0000000000
108848  36.578  33.771  -19.724 0.0000000000
108854  37.028  33.581  -20.115 0.0000000000
108859  38.861  33.321  -21.931 0.0000000000
108860  38.536  33.727  -21.373 0.0000000000
108863  39.112  33.698  -22.616 0.0000000000
108864  35.806  34.490  -23.055 0.0000000000
108865  35.413  34.429  -22.987 0.0000000000
108866  34.602  34.245  -22.928 0.0000000000
108867  33.849  34.113  -22.945 0.0000000000
108869  39.028  34.178  -23.549 0.0000000000
108870  38.055  34.325  -23.794 0.0000000000
108871  37.049  34.181  -23.887 0.0000000000
108872  36.029  34.208  -23.361 0.0000000000
108873  35.105  33.848  -23.393 0.0000000000
108874  34.210  33.597  -23.492 0.0000000000
108875  33.259  33.793  -23.439 0.0000000000
108876  32.559  33.763  -23.730 0.0000000000
108879  38.487  33.887  -24.214 0.0000000000
108880  37.696  33.827  -24.289 0.0000000000
108881  37.188  33.773  -24.284 0.0000000000
109130  11.662  34.298  44.105 0.0000000000
109139  20.191  33.971  43.094 0.0000000000
109140  11.766  34.452  43.291 0.0000000000
109141  11.616  35.039  43.804 0.0000000000
109145  19.872  33.961  42.453 0.0000000000
109146  19.565  33.749  41.850 0.0000000000
109147  11.874  34.678  42.259 0.0000000000
109151  19.744  34.375  41.823 0.0000000000
109152  19.352  33.908  41.248 0.0000000000
109153  12.372  33.986  40.618 0.0000000000
109154  12.156  34.863  41.060 0.0000000000
109158  19.519  34.590  41.169 0.0000000000
109159  19.079  34.173  40.468 0.0000000000
109160  12.681  34.437  39.847 0.0000000000
109161  12.338  35.311  40.211 0.0000000000
109165  18.579  34.132  39.635 0.0000000000
109167  13.845  33.739  38.228 0.0000000000
109168  13.299  34.554  38.608 0.0000000000
109174  17.054  33.915  37.684 0.0000000000
109175  15.148  33.658  37.209 0.0000000000
109176  14.215  34.215  37.474 0.0000000000
109177  13.564  34.988  37.845 0.0000000000
109186  17.455  34.462  37.577 0.0000000000
109187  16.637  34.121  37.091 0.0000000000
109188  15.452  34.217  36.708 0.0000000000
109189  14.556  34.720  36.848 0.0000000000
109199  17.246  34.737  37.013 0.0000000000
109200  16.567  34.658  36.495 0.0000000000
109201  15.788  34.820  36.226 0.0000000000
109597  44.757  34.321  -14.031 0.0000000000
109598  44.105  34.700  -13.449 0.0000000000
109605  51.080  34.859  -15.705 0.0000000000
109606  50.586  34.760  -15.665 0.0000000000
109607  49.535  34.631  -15.578 0.0000000000
109608  48.433  34.634  -15.486 0.0000000000
109609  47.369  34.632  -15.384 0.0000000000
109610  46.334  34.317  -15.076 0.0000000000
109611  45.408  34.546  -14.408 0.0000000000
109617  52.537  34.721  -16.390 0.0000000000
109618  51.362  34.771  -16.141 0.0000000000
109619  50.219  34.498  -16.336 0.0000000000
109620  49.127  34.353  -16.230 0.0000000000
109621  48.089  34.343  -16.041 0.0000000000
109622  47.234  34.086  -15.791 0.0000000000
109623  46.718  34.114  -15.494 0.0000000000
109628  53.046  34.219  -17.067 0.0000000000
109629  51.966  34.422  -17.062 0.0000000000
109630  50.908  34.306  -17.048 0.0000000000
109631  49.857  33.916  -17.125 0.0000000000
109632  48.745  33.894  -16.565 0.0000000000
109633  47.877  33.966  -16.245 0.0000000000
109634  47.528  33.990  -16.097 0.0000000000
109638  52.330  33.946  -17.568 0.0000000000
109639  51.500  33.964  -17.668 0.0000000000
109640  50.597  33.822  -17.586 0.0000000000
109641  50.188  33.712  -17.489 0.0000000000
109649  36.725  34.252  -19.693 0.0000000000
109650  36.200  34.691  -19.305 0.0000000000
109653  37.992  34.216  -20.766 0.0000000000
109654  37.439  34.735  -20.198 0.0000000000
109657  38.856  34.046  -22.003 0.0000000000
109658  38.429  34.747  -21.649 0.0000000000
109659  34.786  35.283  -22.151 0.0000000000
109660  34.436  35.180  -22.106 0.0000000000
109661  33.764  34.994  -22.064 0.0000000000
109664  38.752  34.523  -22.602 0.0000000000
109665  38.045  35.298  -22.584 0.0000000000
109666  37.003  35.227  -22.787 0.0000000000
109667  36.008  34.863  -22.839 0.0000000000
109668  34.999  35.003  -22.414 0.0000000000
109669  34.123  34.631  -22.462 0.0000000000
109670  33.155  34.512  -22.570 0.0000000000
109675  38.351  34.711  -23.211 0.0000000000
109676  37.538  34.773  -23.277 0.0000000000
109677  36.640  34.639  -23.214 0.0000000000
109678  36.220  34.563  -23.131 0.0000000000
109679  32.604  34.126  -23.195 0.0000000000
109921  20.465  34.681  42.999 0.0000000000
109922  20.207  34.309  42.741 0.0000000000
109923  11.676  35.352  43.036 0.0000000000
109931  20.138  34.694  42.399 0.0000000000
109932  11.717  35.784  42.013 0.0000000000
109933  11.502  36.149  42.836 0.0000000000
109936  20.361  35.832  42.048 0.0000000000
109937  19.973  35.307  41.684 0.0000000000
109938  11.953  35.972  40.843 0.0000000000
109941  19.448  35.137  40.517 0.0000000000
109942  19.042  34.569  40.031 0.0000000000
109943  12.668  35.318  39.356 0.0000000000
109944  12.246  36.039  39.855 0.0000000000
109948  19.364  35.663  39.558 0.0000000000
109949  18.904  34.886  39.544 0.0000000000
109950  12.969  35.634  38.414 0.0000000000
109951  12.515  36.010  39.105 0.0000000000
109959  13.997  34.996  37.246 0.0000000000
109960  13.502  35.651  37.484 0.0000000000
109967  15.057  34.880  36.389 0.0000000000
109968  14.274  35.509  36.572 0.0000000000
109969  13.584  36.239  37.022 0.0000000000
109980  16.495  35.228  35.947 0.0000000000
109981  15.407  35.416  35.836 0.0000000000
109982  14.694  36.145  35.824 0.0000000000
109992  17.141  35.767  35.764 0.0000000000
109993  16.394  35.858  35.406 0.0000000000
109995  14.953  36.637  35.409 0.0000000000
110355  49.737  35.517  -11.119 0.0000000000
110356  48.576  35.465  -11.118 0.0000000000
110357  47.481  35.505  -11.181 0.0000000000
110358  46.796  35.575  -11.244 0.0000000000
110367  56.131  35.865  -12.406 0.0000000000
110368  55.134  35.862  -12.385 0.0000000000
110369  53.939  35.744  -12.101 0.0000000000
110372  50.391  35.358  -12.090 0.0000000000
110373  49.216  35.279  -12.050 0.0000000000
110374  48.049  35.312  -12.048 0.0000000000
110375  46.869  35.499  -12.011 0.0000000000
110376  45.751  35.656  -12.213 0.0000000000
110377  44.693  35.669  -12.249 0.0000000000
110386  55.630  35.598  -13.259 0.0000000000
110387  54.584  35.667  -13.247 0.0000000000
110391  49.881  35.145  -13.026 0.0000000000
110392  48.694  35.122  -12.984 0.0000000000
110393  47.532  35.253  -12.986 0.0000000000
110394  46.408  35.431  -13.045 0.0000000000
110395  45.303  35.464  -13.113 0.0000000000
110405  52.932  35.439  -14.144 0.0000000000
110406  51.774  35.188  -14.120 0.0000000000
110407  50.570  35.033  -14.049 0.0000000000
110408  49.365  34.959  -13.933 0.0000000000
110409  48.192  34.990  -13.884 0.0000000000
110410  47.074  35.158  -13.890 0.0000000000
110411  46.001  35.207  -13.886 0.0000000000
110412  44.969  34.968  -13.882 0.0000000000
110413  44.377  34.992  -13.511 0.0000000000
110420  52.461  35.170  -15.027 0.0000000000
110421  51.284  34.966  -15.246 0.0000000000
110422  50.034  34.813  -14.877 0.0000000000
110423  48.868  34.808  -14.762 0.0000000000
110424  47.745  34.869  -14.703 0.0000000000
110425  46.674  34.928  -14.639 0.0000000000
110426  45.749  34.843  -14.429 0.0000000000
110427  45.352  34.794  -14.271 0.0000000000
110431  53.052  35.007  -15.740 0.0000000000
110432  52.064  34.953  -15.740 0.0000000000
110433  51.580  34.921  -15.731 0.0000000000
110443  35.659  35.206  -18.905 0.0000000000
110447  36.900  35.262  -19.763 0.0000000000
110448  36.328  35.754  -19.365 0.0000000000
110450  37.919  35.111  -20.911 0.0000000000
110451  37.325  35.796  -20.629 0.0000000000
110454  37.876  35.738  -21.589 0.0000000000
110455  36.922  36.274  -21.589 0.0000000000
110456  35.914  36.161  -21.873 0.0000000000
110457  34.968  35.677  -21.938 0.0000000000
110458  34.051  35.584  -21.701 0.0000000000
110459  33.114  35.315  -21.747 0.0000000000
110465  37.291  35.733  -22.215 0.0000000000
110466  36.455  35.696  -22.318 0.0000000000
110467  35.574  35.484  -22.280 0.0000000000
110468  35.168  35.388  -22.209 0.0000000000
110691  10.252  36.796  44.244 0.0000000000
110692  9.866  36.609  44.510 0.0000000000
110698  10.548  37.134  43.691 0.0000000000
110699  9.980  37.286  44.082 0.0000000000
110700  9.356  37.200  44.208 0.0000000000
110701  8.656  36.925  44.217 0.0000000000
110708  11.469  36.604  42.323 0.0000000000
110709  11.176  37.020  42.846 0.0000000000
110715  19.917  35.747  41.075 0.0000000000
110716  11.548  37.011  41.509 0.0000000000
110717  11.332  37.113  42.194 0.0000000000
110720  20.428  36.912  40.299 0.0000000000
110721  19.905  36.085  40.426 0.0000000000
110722  11.892  36.951  40.314 0.0000000000
110725  20.372  37.177  39.715 0.0000000000
110726  19.900  36.616  39.432 0.0000000000
110727  12.605  36.380  38.642 0.0000000000
110728  12.274  36.791  39.235 0.0000000000
110734  12.881  36.698  37.850 0.0000000000
110735  12.502  36.840  38.562 0.0000000000
110743  14.009  36.463  36.378 0.0000000000
110744  13.451  36.987  36.884 0.0000000000
110755  14.373  36.931  35.761 0.0000000000
110756  13.852  37.086  36.252 0.0000000000
110757  9.153  36.533  36.086 0.0000000000
110758  8.694  36.938  36.390 0.0000000000
110774  8.839  37.172  35.870 0.0000000000
111129  49.856  36.946  -7.495 0.0000000000
111130  49.217  37.095  -7.456 0.0000000000
111144  50.289  36.434  -8.339 0.0000000000
111145  48.974  36.623  -8.115 0.0000000000
111146  47.672  36.451  -8.417 0.0000000000
111147  46.531  36.352  -8.588 0.0000000000
111148  45.454  36.336  -8.754 0.0000000000
111164  55.582  36.431  -9.828 0.0000000000
111165  54.437  36.295  -9.751 0.0000000000
111169  49.649  36.008  -9.179 0.0000000000
111170  48.417  35.971  -9.200 0.0000000000
111171  47.218  35.893  -9.356 0.0000000000
111172  46.081  35.922  -9.525 0.0000000000
111173  45.021  35.998  -9.666 0.0000000000
111185  56.121  36.343  -10.762 0.0000000000
111186  55.067  36.210  -10.720 0.0000000000
111187  53.858  36.018  -10.795 0.0000000000
111190  50.280  35.707  -10.178 0.0000000000
111191  49.092  35.660  -10.148 0.0000000000
111192  47.914  35.648  -10.229 0.0000000000
111193  46.737  35.664  -10.468 0.0000000000
111194  45.608  35.784  -10.494 0.0000000000
111195  44.599  35.877  -10.586 0.0000000000
111204  55.648  36.131  -11.598 0.0000000000
111205  54.738  35.994  -11.529 0.0000000000
111206  46.141  35.668  -11.312 0.0000000000
111207  45.152  35.788  -11.396 0.0000000000
111228  34.130  36.718  -17.356 0.0000000000
111230  35.765  36.252  -18.967 0.0000000000
111231  35.226  36.768  -18.521 0.0000000000
111234  36.791  36.133  -19.980 0.0000000000
111235  36.245  36.807  -19.742 0.0000000000
111237  36.766  36.738  -20.651 0.0000000000
111238  35.869  37.272  -20.694 0.0000000000
111239  34.901  37.189  -20.954 0.0000000000
111240  34.033  36.942  -20.858 0.0000000000
111241  33.158  36.751  -20.755 0.0000000000
111242  32.276  36.679  -20.761 0.0000000000
111243  31.513  36.658  -20.906 0.0000000000
111245  36.198  36.710  -21.292 0.0000000000
111246  35.385  36.628  -21.404 0.0000000000
111247  34.483  36.359  -21.334 0.0000000000
111248  33.582  36.133  -21.223 0.0000000000
111249  32.676  36.018  -21.198 0.0000000000
111252  30.161  36.516  -21.965 0.0000000000
111473  10.362  37.858  43.385 0.0000000000
111474  10.124  37.822  43.678 0.0000000000
111475  9.573  37.995  43.748 0.0000000000
111476  8.790  37.839  43.728 0.0000000000
111481  10.630  38.175  42.787 0.0000000000
111482  10.190  38.320  43.278 0.0000000000
111483  9.919  38.225  43.517 0.0000000000
111491  11.344  37.769  41.423 0.0000000000
111492  11.111  37.844  41.932 0.0000000000
111498  11.495  38.103  40.772 0.0000000000
111499  11.270  38.120  41.391 0.0000000000
111505  20.316  37.270  39.417 0.0000000000
111506  11.944  37.849  39.597 0.0000000000
111512  12.647  37.444  37.932 0.0000000000
111513  12.405  37.546  38.524 0.0000000000
111520  12.870  37.789  37.382 0.0000000000
111521  12.577  37.774  37.986 0.0000000000
111529  13.974  37.422  35.884 0.0000000000
111530  13.517  37.684  36.345 0.0000000000
111545  13.863  37.759  35.805 0.0000000000
112001  50.016  38.093  -6.367 0.0000000000
112002  49.466  38.168  -6.498 0.0000000000
112017  50.443  37.348  -6.806 0.0000000000
112018  49.318  37.670  -6.894 0.0000000000
112019  48.294  37.819  -7.102 0.0000000000
112038  48.749  37.238  -7.413 0.0000000000
112039  47.980  37.120  -7.647 0.0000000000
112076  34.652  37.310  -18.044 0.0000000000
112077  33.991  37.864  -17.443 0.0000000000
112078  33.558  38.691  -17.270 0.0000000000
112080  35.710  37.138  -19.127 0.0000000000
112081  35.166  37.829  -18.912 0.0000000000
112084  35.723  37.734  -19.779 0.0000000000
112085  34.862  38.146  -19.848 0.0000000000
112086  34.101  38.130  -20.059 0.0000000000
112087  33.326  38.092  -19.970 0.0000000000
112088  32.506  38.027  -19.938 0.0000000000
112090  35.190  37.695  -20.398 0.0000000000
112091  34.455  37.678  -20.487 0.0000000000
112092  33.636  37.511  -20.422 0.0000000000
112093  32.778  37.399  -20.346 0.0000000000
112094  31.817  37.423  -20.368 0.0000000000
112095  30.904  37.139  -20.768 0.0000000000
112096  30.186  37.477  -20.952 0.0000000000
112098  30.333  36.908  -21.394 0.0000000000
112099  29.626  37.277  -21.776 0.0000000000
112310  9.377  38.440  43.505 0.0000000000
112311  9.188  38.265  43.621 0.0000000000
112312  10.667  39.309  42.337 0.0000000000
112313  10.255  39.020  42.816 0.0000000000
112314  9.704  38.754  43.232 0.0000000000
112315  8.973  38.722  43.308 0.0000000000
112321  11.026  38.974  41.931 0.0000000000
112328  11.527  39.346  40.758 0.0000000000
112329  11.270  38.736  41.370 0.0000000000
112335  11.785  39.028  39.887 0.0000000000
112341  12.199  38.670  38.932 0.0000000000
112347  12.614  38.892  37.502 0.0000000000
112348  12.474  38.315  38.104 0.0000000000
112355  13.133  38.586  36.551 0.0000000000
112365  13.700  38.267  35.747 0.0000000000
112779  49.380  38.789  -6.333 0.0000000000
112780  48.492  39.143  -6.545 0.0000000000
112781  48.007  39.364  -6.642 0.0000000000
112792  49.207  38.228  -6.563 0.0000000000
112793  48.726  38.387  -6.684 0.0000000000
112794  47.731  38.780  -6.841 0.0000000000
112831  34.461  38.273  -18.392 0.0000000000
112832  33.984  38.867  -18.008 0.0000000000
112833  33.446  39.433  -17.739 0.0000000000
112835  34.548  38.482  -19.237 0.0000000000
112836  34.003  38.886  -18.911 0.0000000000
112837  33.489  39.337  -18.613 0.0000000000
112840  34.375  38.383  -19.702 0.0000000000
112841  33.917  38.562  -19.601 0.0000000000
112842  33.028  38.838  -19.396 0.0000000000
112843  31.609  38.470  -19.747 0.0000000000
112844  30.404  38.803  -19.891 0.0000000000
112845  29.778  39.023  -20.191 0.0000000000
112847  31.224  37.718  -20.269 0.0000000000
112848  30.628  37.942  -20.325 0.0000000000
112849  29.673  38.325  -20.740 0.0000000000
113037  8.676  39.454  42.876 0.0000000000
113046  11.603  40.040  40.853 0.0000000000
113054  11.783  40.027  40.267 0.0000000000
113060  12.186  40.340  38.453 0.0000000000
113061  12.135  39.991  39.102 0.0000000000
113067  12.331  39.874  37.916 0.0000000000
113068  12.339  39.169  38.312 0.0000000000
113074  12.757  39.584  36.802 0.0000000000
113081  13.460  39.332  35.571 0.0000000000
113506  32.429  40.374  -17.231 0.0000000000
113509  32.078  40.305  -18.284 0.0000000000
113510  31.296  40.407  -18.569 0.0000000000
113513  32.963  39.403  -18.902 0.0000000000
113514  32.295  39.459  -19.018 0.0000000000
113515  31.059  39.772  -19.125 0.0000000000
113516  29.924  39.590  -19.693 0.0000000000
113688  11.578  41.114  41.254 0.0000000000
113698  11.672  40.699  40.951 0.0000000000
113709  11.871  40.812  39.987 0.0000000000
113715  12.145  40.774  38.705 0.0000000000
113716  12.033  40.936  39.303 0.0000000000
113722  12.181  40.620  38.045 0.0000000000
113727  12.389  40.444  37.202 0.0000000000
113734  12.816  40.413  36.132 0.0000000000
114138  31.333  41.251  -17.145 0.0000000000
114140  31.841  40.768  -17.519 0.0000000000
114141  31.167  40.953  -18.103 0.0000000000
114142  30.466  41.042  -18.501 0.0000000000
114145  30.810  40.555  -18.685 0.0000000000
114146  30.032  40.612  -19.116 0.0000000000
114347  11.683  41.341  41.021 0.0000000000
114348  11.504  41.562  41.325 0.0000000000
114355  11.766  41.522  40.547 0.0000000000
114356  11.677  41.648  40.949 0.0000000000
114364  11.903  41.497  39.756 0.0000000000
114371  12.122  41.138  38.301 0.0000000000
114372  12.037  41.489  38.926 0.0000000000
114378  12.203  41.119  37.610 0.0000000000
114379  12.101  41.689  38.095 0.0000000000
114384  12.375  41.140  36.715 0.0000000000
114385  12.165  41.750  37.168 0.0000000000
114391  12.566  41.544  35.663 0.0000000000
114392  12.278  41.713  36.468 0.0000000000
114794  30.664  41.635  -17.659 0.0000000000
114795  30.247  42.343  -17.365 0.0000000000
114803  47.364  42.106  -19.211 0.0000000000
114804  30.535  41.359  -18.190 0.0000000000
114805  29.813  41.793  -18.474 0.0000000000
114816  29.513  41.217  -19.180 0.0000000000
115064  11.540  41.928  41.241 0.0000000000
115069  11.747  41.890  40.556 0.0000000000
115070  11.671  42.079  40.886 0.0000000000
115079  11.815  42.034  40.236 0.0000000000
115089  11.904  42.105  39.497 0.0000000000
115096  11.938  42.259  38.686 0.0000000000
115102  11.947  42.432  37.692 0.0000000000
115108  12.378  42.170  35.648 0.0000000000
115554  47.008  42.234  -18.020 0.0000000000
115567  47.052  42.140  -18.833 0.0000000000
115578  47.329  42.448  -19.399 0.0000000000
124097  38.318  55.169  10.857 0.0000000000
124111  37.704  54.713  10.465 0.0000000000
124112  36.907  54.623  10.200 0.0000000000
124113  36.063  54.676  10.090 0.0000000000
124114  35.113  54.740  10.083 0.0000000000
124115  34.122  54.831  10.105 0.0000000000
124116  33.125  54.902  10.184 0.0000000000
124783  37.456  55.752  10.847 0.0000000000
124784  36.301  56.069  10.920 0.0000000000
124785  35.275  56.063  11.123 0.0000000000
124786  34.248  56.031  11.249 0.0000000000
124787  33.237  56.120  11.302 0.0000000000
124795  37.148  55.103  10.503 0.0000000000
124796  36.584  55.300  10.474 0.0000000000
124797  35.663  55.402  10.527 0.0000000000
124798  34.680  55.431  10.627 0.0000000000
124799  33.670  55.483  10.706 0.0000000000
124800  32.608  55.596  10.766 0.0000000000
125456  35.331  57.058  12.375 0.0000000000
125457  34.397  56.992  12.488 0.0000000000
125458  33.428  57.116  12.506 0.0000000000
125459  32.864  57.238  12.506 0.0000000000
125468  37.997  56.725  11.432 0.0000000000
125469  36.941  56.696  11.375 0.0000000000
125470  35.965  56.735  11.755 0.0000000000
125471  34.838  56.536  11.841 0.0000000000
125472  33.801  56.562  11.914 0.0000000000
125473  32.686  56.801  11.961 0.0000000000
126144  38.348  57.386  12.044 0.0000000000
126145  37.353  57.301  11.947 0.0000000000
126146  36.658  57.126  11.918 0.0000000000
128105  38.363  61.419  3.983 0.0000000000
128116  38.083  60.710  3.565 0.0000000000
128117  36.875  60.612  3.143 0.0000000000
128118  35.493  60.553  2.773 0.0000000000
128119  34.442  60.950  2.895 0.0000000000
128648  37.565  61.877  4.217 0.0000000000
128649  36.701  62.392  4.484 0.0000000000
128660  37.165  61.282  3.651 0.0000000000
128661  36.083  61.866  3.832 0.0000000000
128662  34.654  61.581  3.398 0.0000000000
128663  33.432  61.317  3.103 0.0000000000
128675  33.273  60.648  2.572 0.0000000000
128676  32.533  60.905  2.693 0.0000000000
129184  38.205  62.664  4.951 0.0000000000
129185  37.162  62.807  4.965 0.0000000000
129186  35.985  63.068  4.921 0.0000000000
129187  34.837  63.035  4.772 0.0000000000
129188  33.851  62.889  4.632 0.0000000000
129189  32.855  62.837  4.405 0.0000000000
129197  35.415  62.598  4.396 0.0000000000
129198  34.753  62.380  4.133 0.0000000000
129199  33.687  62.221  3.890 0.0000000000
129200  32.591  62.258  3.734 0.0000000000
129712  34.060  63.534  5.263 0.0000000000
129713  32.999  63.591  5.090 0.0000000000
129727  32.734  64.248  2.427 0.0000000000
129737  33.088  63.794  1.711 0.0000000000
130243  32.871  64.652  5.371 0.0000000000
130255  34.754  65.251  2.561 0.0000000000
130256  34.235  65.169  2.636 0.0000000000
130257  32.913  64.862  3.133 0.0000000000
130265  35.100  65.043  2.133 0.0000000000
130266  33.945  64.485  1.993 0.0000000000
130267  33.148  64.365  2.301 0.0000000000
130767  33.506  66.271  4.946 0.0000000000
130768  32.971  65.544  5.183 0.0000000000
130772  34.432  66.020  3.571 0.0000000000
130773  33.790  66.082  4.018 0.0000000000
130774  33.073  65.624  4.205 0.0000000000
130779  34.939  65.586  2.901 0.0000000000
130780  33.916  65.572  3.297 0.0000000000
130781  33.383  65.554  3.651 0.0000000000
130788  35.448  65.421  2.394 0.0000000000
131362  35.151  66.392  3.608 0.0000000000
131363  34.481  66.431  4.039 0.0000000000
